  0 
- 1 
0 4 12 13 14 19 
1 2 3 4 5 6 7 8 9 10 11 12 13 16 20 
2 14 15 
3 16 
4 10 15 17 
5 3 4 18 
6 5 8 11 12 13 18 
7 6 13 
8 7 8 16 19 
9 9 10 11 12 13 
J 20 
S 21 
· 22 
— 23 
… 24 
【 25 
】 26 
一 27 28 29 30 31 32 33 34 35 36 37 38 39 40 41 42 43 44 45 46 47 48 49 50 51 52 53 54 55 56 57 58 59 60 61 62 63 64 65 66 78 409 543 803 949 984 995 1064 1394 1911 2007 2103 2187 2637 2638 2639 2742 2743 3151 3158 3370 
丁 343 1766 
七 67 68 69 70 71 804 805 
万 27 72 73 74 469 669 816 817 1161 2212 
三 75 76 77 78 79 80 81 82 83 84 85 86 87 88 89 90 91 92 93 94 95 163 293 985 1386 2485 2574 2640 2641 2642 2643 3397 
上 96 97 98 99 100 247 289 768 963 1013 1245 1302 1362 1583 2189 2851 2854 3078 
下 55 101 102 103 104 105 131 791 879 1513 2486 2749 3367 
不 106 107 108 109 110 111 112 113 114 115 116 117 118 119 120 121 122 123 124 125 126 127 128 129 130 131 132 133 134 135 136 137 138 384 653 654 655 783 906 973 1428 1437 2189 2220 2479 2530 2591 2831 
与 139 872 
丑 2767 
专 140 141 142 143 144 145 
世 146 147 148 149 150 151 152 153 154 183 301 313 344 557 560 675 804 806 809 810 829 1336 1607 1837 2005 2049 2640 3076 3204 3326 
丘 2660 
业 334 430 683 764 1444 
东 155 156 157 158 159 160 161 2196 2290 
两 162 163 164 165 166 167 168 169 170 171 172 173 174 783 3168 
严 175 176 177 178 1504 
个 28 68 76 164 179 180 181 663 667 670 808 811 1089 1858 1935 2638 2641 2645 2649 
中 182 183 184 185 186 187 188 189 190 191 192 193 194 195 196 197 198 199 200 201 202 203 204 205 206 248 282 466 776 929 996 1124 1126 1200 1256 1448 1540 1711 1863 2973 3368 
丰 207 208 209 
临 210 211 2084 3291 
为 127 212 213 214 215 216 217 218 219 220 221 372 397 483 686 744 839 913 926 1009 1201 1345 1416 1569 1702 1927 1942 1999 2000 2011 2092 2107 2160 2695 2828 2913 2914 2944 2945 2958 2961 2987 2988 3021 3111 3116 3132 3292 3306 
主 142 148 212 222 223 224 225 226 227 228 229 230 231 232 233 234 235 236 237 238 239 240 241 273 339 351 352 354 365 489 589 646 672 709 847 933 1066 1069 1073 1107 1108 1116 1127 1135 1176 1260 1264 1294 1338 1352 1354 1368 1580 1599 1645 1712 1771 1901 1910 2045 2070 2183 2200 2202 2256 2294 2433 2440 2449 2504 2516 2564 2582 2598 2732 2826 2827 2914 2921 3046 3053 3069 3123 3321 3356 3357 3361 
丽 2738 
举 132 242 1494 
乃 243 
久 850 1775 
义 142 148 223 224 244 245 246 273 339 351 352 354 365 489 589 646 672 709 847 933 1066 1069 1073 1107 1116 1135 1176 1260 1294 1352 1354 1368 1500 1580 1687 1771 1901 2045 2070 2105 2183 2202 2256 2294 2433 2440 2449 2516 2564 2582 2598 2668 2732 2914 2921 3016 3046 3053 3069 3123 3356 3357 3361 
之 196 247 248 249 250 251 252 253 254 255 256 257 258 259 260 261 262 263 264 265 266 267 268 269 624 829 830 834 906 910 930 1271 1570 2033 2475 2768 2945 2955 3256 3274 
乎 444 664 986 
乏 799 
乐 270 271 272 273 338 339 1627 1898 2696 
九 274 275 806 
也 276 3152 
习 308 1303 
书 277 278 2376 
乱 279 777 1628 
乳 280 1057 
了 107 
予 1507 
争 249 281 282 283 284 285 286 834 892 1663 1716 1887 1888 2494 2631 2768 2974 3282 
事 287 288 289 290 291 380 644 645 1367 1695 
二 292 293 294 295 296 297 298 299 300 744 1009 2644 2645 2646 2647 2648 
于 301 302 377 418 507 601 676 732 999 1171 1383 1436 2031 2087 2335 2650 2652 2712 3144 3369 3370 
云 852 1974 
互 303 304 305 306 307 308 309 310 311 2518 2519 
五 312 313 314 315 316 317 318 319 320 321 322 807 808 
亘 323 
亚 155 324 325 326 327 328 2296 
亡 1292 1838 1839 2299 
交 329 330 331 332 1181 1182 2072 2627 
产 333 334 335 336 337 589 590 1928 2458 2459 3067 
享 338 339 340 
京 341 
亲 1043 
人 30 97 179 342 343 344 345 346 347 348 349 350 351 352 353 354 355 356 357 358 359 360 361 362 363 364 365 373 396 398 561 821 927 974 1202 1405 1453 1864 2017 2081 2408 2420 2498 2989 3285 3398 
仁 366 367 
仅 368 369 
仇 370 
今 370 371 372 373 374 375 376 859 860 861 928 929 930 937 942 1267 1281 2431 2852 3063 3132 3338 
介 377 
仍 378 379 
从 380 381 382 383 384 385 386 387 1929 
他 388 389 390 1788 
仙 2990 
代 29 30 77 314 391 392 393 394 395 495 907 910 931 1010 1059 1493 1571 1572 1913 1956 1957 2040 2234 2321 2432 2433 2434 2435 2436 2437 2442 2549 2574 2633 3145 3146 3317 
令 396 
以 397 398 399 400 401 402 403 404 405 769 1481 1773 1865 2020 2828 3021 3095 3300 
们 345 
仰 491 1986 
仲 406 
件 2083 
价 407 408 2198 
任 409 492 1824 2646 
仿 1816 
企 410 
伊 411 412 413 414 
伏 415 2262 3079 
休 2224 
众 416 1203 1204 1205 1944 2778 
优 417 418 419 420 421 422 423 424 425 832 
会 108 426 427 428 429 654 867 950 1122 1265 1400 1523 1841 2563 2564 2565 2566 2567 2568 2569 2570 2571 3302 
伟 430 431 2456 
传 432 433 434 435 436 437 964 1339 3213 3214 
伤 174 
伦 438 439 440 441 442 458 940 
伪 2981 
伯 443 1473 1767 3284 3285 
估 449 
似 444 2663 
伽 445 
但 446 
位 78 447 566 823 1128 2050 2354 
低 448 449 3058 3117 3293 3368 3371 
体 31 32 78 180 184 185 213 225 226 229 346 450 451 452 453 454 455 614 615 616 687 1206 1365 1639 1648 1649 1859 2051 2628 2779 2929 2991 3310 3354 
何 665 666 
余 250 
佛 456 457 458 459 
作 460 461 462 463 464 465 694 715 716 957 1445 1446 2089 
你 466 1711 
佩 3249 
佳 467 
使 468 469 470 846 1129 
例 214 471 472 967 
供 473 474 1804 
依 475 476 477 478 2501 2519 
侣 520 
侵 558 
便 479 480 2215 2361 
促 481 
俄 482 2874 
俗 483 484 485 486 1282 1521 1522 3083 3190 3191 3307 
俚 486 
保 487 488 489 490 2121 
信 491 492 493 494 495 1142 1723 2520 3176 
修 496 497 
俱 174 
倒 498 3103 
候 1225 
借 499 
倡 381 500 1805 
值 408 501 502 2198 
倾 503 
假 504 505 506 
偏 507 508 509 510 511 512 2688 
停 513 
健 514 515 713 
偶 516 517 518 2427 
催 519 
傲 3363 
像 516 
僧 520 
僵 521 522 
儒 523 524 525 526 527 2376 2405 2823 3192 3388 
儿 528 529 
允 579 
元 33 34 530 531 532 1188 1189 
充 533 534 535 536 537 2916 
先 215 538 539 540 541 542 543 544 545 546 863 3341 
光 547 548 549 550 551 552 553 1249 1598 
克 554 555 1464 2249 2270 2683 3355 3356 3357 
免 115 1329 3301 3302 
党 556 590 1112 
入 557 558 677 2232 2312 3099 3137 3159 3185 
全 514 559 560 561 562 563 564 565 566 567 568 569 570 571 572 573 574 575 1321 1327 1328 1329 
八 576 577 578 591 809 2018 
公 579 580 581 582 583 1122 1207 
六 584 585 586 587 810 
兰 412 413 588 650 1044 2249 2263 
共 109 110 589 590 591 592 593 594 595 596 597 598 
关 288 599 600 601 2271 2521 
兴 343 602 603 1173 1884 1899 3372 
兵 604 1406 3097 
其 605 606 607 608 609 610 611 612 613 978 1419 1573 1703 2227 3311 
具 614 615 616 617 1086 1447 
典 618 619 932 933 934 935 1901 2714 2715 3308 
兹 1049 1050 
兼 620 621 622 623 624 625 
兽 626 
内 251 556 627 628 629 630 631 632 633 634 635 636 637 638 639 1105 1123 1945 2297 3392 
再 640 641 642 643 
军 644 645 646 1541 
农 647 648 649 
冯 650 
冲 651 
决 652 653 654 655 656 657 658 659 660 2951 
冶 1296 
准 2110 
减 661 
凝 662 
几 663 664 665 666 667 668 669 670 671 811 
凡 3083 
凯 672 
凶 673 
出 242 461 674 675 676 677 678 679 680 681 682 683 684 688 1428 1600 1760 1778 1797 1801 1806 1826 2071 2090 2623 2822 3074 3119 
击 881 3160 
刀 1628 
分 63 79 533 534 535 615 685 686 687 688 689 690 691 692 693 694 695 696 697 698 699 700 701 702 812 953 2216 2312 2545 2672 2708 3222 
切 600 703 704 1381 1382 3174 3370 
刊 705 706 
划 707 2959 
列 708 709 710 711 3358 
则 134 864 1090 1373 2941 
刚 712 713 714 3267 
创 715 716 717 718 719 720 721 722 723 724 2413 
初 725 726 727 728 
判 729 730 1746 1747 
利 534 731 732 733 734 735 736 765 766 2075 2590 2661 2808 
别 689 733 737 800 817 1033 1456 1809 2279 
到 111 1304 1697 1750 2511 2651 3128 3205 3217 
制 141 142 307 738 739 740 1098 1465 1562 1796 1820 2067 2735 3206 
刺 741 
刻 2313 
刽 742 
前 252 399 743 744 745 746 747 748 749 750 751 752 965 967 1018 2175 2619 3325 
剑 753 
剖 2952 
剧 341 754 755 756 1080 1502 1666 1667 1680 1699 2155 3009 3260 
剩 2722 
力 639 642 721 730 757 758 759 760 761 762 778 856 987 1183 1208 1556 1586 1993 2019 2074 2273 2351 2459 2462 2715 2811 3362 
功 605 763 764 765 766 1704 2210 
加 767 768 769 770 771 772 773 774 1900 2001 2615 2870 3390 
务 775 2038 2269 
劣 419 
动 227 228 304 317 776 777 778 779 780 781 782 882 1688 1744 1798 1812 1997 2274 2460 2569 2812 2813 2911 2926 2927 3140 3141 3365 
助 305 3072 
劫 815 2291 
势 253 420 783 832 896 1578 1634 1655 3093 3230 
勇 784 785 786 2935 
勋 531 
勒 787 788 1432 1474 1480 
勤 789 
包 790 791 792 793 
匆 794 
化 32 34 159 309 421 484 521 526 570 690 795 796 797 914 924 958 997 1074 1189 1204 1522 1542 1559 1842 1866 1867 1868 1869 1870 2253 2314 2344 2345 2389 2434 2565 2599 2653 2655 2740 2783 2925 2992 3065 3107 3161 3162 3163 3179 3290 
北 798 826 2476 
匪 2891 
匮 799 
区 192 800 1130 3022 
医 801 
十 69 80 294 315 667 802 803 804 805 806 807 808 809 810 811 812 813 814 815 
千 163 165 668 816 817 981 1852 2212 
升 98 818 1807 3098 
半 102 156 745 819 2930 
华 186 187 188 818 820 821 905 1342 2669 3244 
协 822 1272 
卑 2829 
单 823 824 2654 2655 
卖 825 
南 826 827 828 2476 
博 829 830 831 1501 
占 832 
卡 2635 2682 
卢 833 
印 834 835 836 837 936 1174 
危 838 2719 
即 839 840 
却 841 842 
卷 843 
历 194 844 845 846 847 848 849 850 851 852 853 854 855 2716 
压 856 857 2154 
厌 112 1081 
厚 858 859 860 861 2078 2315 
原 862 863 864 865 866 867 868 869 1433 1672 
厮 870 
去 103 871 2749 3134 3294 
参 872 873 
叉 329 
及 410 939 1150 1983 2039 2306 
友 650 874 1717 
双 35 875 876 877 878 879 
反 295 880 881 882 883 884 885 886 887 888 889 890 891 2161 
发 535 602 678 892 893 894 895 896 897 898 899 900 901 902 903 904 1026 1497 1530 2379 3133 
叔 905 
取 621 906 907 908 909 910 911 2238 
受 1793 
变 755 912 913 914 915 916 917 918 919 920 921 922 1285 2285 2327 2624 2791 2907 3055 3242 
口 703 923 924 
古 189 323 860 861 925 926 927 928 929 930 931 932 933 934 935 936 937 938 939 940 941 942 943 944 945 946 947 948 1175 1176 1737 1877 1901 2181 2788 2830 2900 3014 3063 3169 3338 
另 949 
只 166 950 951 952 
可 113 114 115 953 954 955 956 957 958 959 960 1672 
台 192 961 2855 
史 194 746 845 846 847 848 849 850 851 852 894 962 963 964 965 966 967 968 969 1070 1307 1572 1831 1867 1878 1888 2020 2720 2885 2993 3141 3162 
右 970 1448 1449 1450 
叶 102 726 2099 
号 707 971 1880 2042 2636 
司 972 
叹 1677 2136 
各 973 974 975 976 977 978 979 980 981 982 2150 2152 
合 136 421 694 704 796 983 984 985 986 987 988 989 990 991 992 993 994 1032 1177 1178 1860 2704 2727 2752 2753 2801 2802 2908 
同 116 128 254 592 593 822 973 995 996 997 998 999 1000 1001 1002 1003 1154 1209 1210 1315 1547 2227 2652 2962 3094 
名 36 216 1004 1005 1006 1007 1131 
后 255 374 400 539 1008 1009 1010 1011 1012 1013 1014 1015 1016 1017 1019 1684 2012 2250 2340 2899 
吏 1343 
向 190 503 606 628 679 908 1018 1019 1020 1021 1022 1396 2476 3075 3076 3326 
君 1023 
吟 1713 
否 569 1024 1025 1976 2814 
含 790 
启 1026 1027 1028 1029 1598 
吴 1030 
吸 1031 
吻 1032 
呈 2701 
告 1033 1034 
员 890 
周 157 1035 1036 1037 1038 
味 451 1039 1689 
命 334 470 551 846 1040 1041 1042 1379 2461 2462 2463 3329 3330 
和 758 937 938 1043 1044 1045 1046 1047 1650 1950 2075 2330 3037 3271 
哀 2887 
品 462 1048 1074 2994 
哈 1049 1050 1468 
响 1585 1586 3051 
哥 1051 2194 2870 
哲 81 359 382 1052 1053 1054 1055 1056 2843 2932 
哺 1057 
唐 562 1058 1059 1060 1061 1062 1980 
唯 847 1063 1064 1065 1066 1067 1068 1069 1070 1071 1072 1073 1368 3123 3124 
唱 2968 
商 1074 1075 3193 
善 1020 1045 1076 1077 1078 1079 1330 2534 2535 
喜 1080 1081 1082 1083 1084 1667 
嗜 1085 
嘉 2219 
器 773 1086 1087 2549 
噶 1892 
四 316 317 1088 1089 1090 1091 1092 1489 2649 
回 1093 1094 1095 1096 2085 2241 2934 
因 629 865 876 1097 1098 1099 1100 1153 1184 1459 2162 2382 2682 3213 
团 1101 2572 
园 1305 2872 
困 1102 1103 
围 2881 
固 1104 3337 
国 191 192 482 563 646 825 903 1097 1105 1106 1107 1108 1109 1110 1111 1112 1113 1114 1115 1116 1117 1185 1338 1477 1524 1531 1608 1718 1877 1975 2052 2150 2152 2251 2383 2769 2878 
图 1118 1119 1120 1121 1237 1334 1618 1839 2101 2656 2820 
圈 1868 
土 2053 
圣 1122 2995 
在 601 630 1123 1124 1125 1293 1294 1349 1369 1825 2163 2275 2566 
地 154 192 723 1099 1126 1127 1128 1129 1130 1131 1132 1133 1134 1135 1136 1137 1138 1139 2475 2665 
场 1465 1466 2363 2629 
均 1140 1141 
坑 2376 
坚 1142 1143 1144 1145 
坛 1146 1871 
坡 1900 
坤 3121 
坦 443 1147 2382 
垂 2220 
垄 1148 
型 82 591 618 934 1149 2571 3108 3197 
垒 1387 2896 
埃 939 1150 
域 1132 1543 3342 
培 1151 
基 1152 1153 1154 1155 1156 1253 2790 2798 3213 3221 3375 3386 
堂 1157 1515 
堕 1158 
堡 1554 
塑 1159 
塔 1160 
塞 1161 
境 1102 1162 1690 2225 2428 2866 2996 3017 3182 3336 
增 1163 1164 1165 
墟 1517 
墨 1166 1167 
壁 411 
壕 1719 
士 327 1864 2033 3299 3364 
壮 1168 1275 
声 1169 
处 680 1170 1171 1172 1960 2171 3251 
复 883 884 1173 1174 1175 1176 1177 1178 1179 1588 1659 1884 2702 3231 
外 193 194 256 401 556 631 758 929 1180 1181 1182 1183 1184 1185 1186 1187 1283 1388 1789 2054 2297 
多 50 165 257 327 416 954 998 1163 1188 1189 1190 1191 1192 1193 1194 1195 1196 1197 1211 1212 1601 1892 1893 2738 2971 2972 3050 3109 
夜 1198 
够 117 2815 3096 
大 37 70 83 84 85 86 149 167 168 258 274 318 319 431 576 584 803 813 955 1091 1198 1199 1200 1201 1202 1203 1204 1205 1206 1207 1208 1209 1210 1211 1212 1213 1214 1215 1216 1217 1218 1219 1220 1221 1222 1223 1224 1225 1226 1227 1228 1229 1230 1231 1232 1322 1386 1454 1516 1563 1594 1894 2002 2093 2164 2485 3018 3232 3311 
天 55 110 791 1233 1234 1722 2081 2188 2857 
太 118 1235 1236 1237 1238 2407 2408 
夫 1239 2798 
失 1240 1241 1242 1243 1460 1602 
头 1244 1245 1246 2364 
夹 1247 
夺 1248 
奇 433 1249 1250 1251 1678 1902 2576 
奏 2469 
契 1252 
奖 3034 3035 
套 1861 
奠 1253 1254 
奥 1255 1256 1257 1258 1259 
女 1260 1279 2484 
奴 647 1261 1262 1263 1264 1265 3057 
好 1266 2013 3026 
如 1190 1267 1268 1269 1270 2021 2162 2409 
妇 335 
妒 1271 
妙 1255 1605 2677 2770 3373 
妥 1272 3287 
姆 487 2296 2957 
始 866 867 2022 2606 
姚 1273 
姿 1191 
威 1256 1274 1275 2076 3101 
婆 1276 
婉 1277 1278 
婢 1261 1279 
媒 1280 
媚 1281 1282 1283 
嫌 1284 
嬗 1285 
子 471 528 691 742 1023 1286 1287 1288 1289 1297 1505 2117 2545 2658 2664 2784 2883 3031 3032 3243 
孔 1289 1290 1291 
字 1872 
存 475 476 1292 1293 1294 1369 1839 2221 2438 2464 2566 
孙 529 1287 1295 1296 1297 2574 
孟 1298 1299 1637 
孤 1300 
学 144 308 329 349 353 359 363 440 441 485 524 580 582 691 801 822 848 895 975 1011 1052 1053 1054 1055 1205 1215 1290 1301 1302 1303 1304 1305 1306 1307 1308 1309 1310 1311 1312 1313 1314 1322 1324 1374 1583 1611 1616 1617 1832 1845 1853 1869 1873 1874 1875 1899 1903 1951 1978 2046 2055 2142 2191 2203 2208 2394 2405 2421 2435 2445 2447 2463 2471 2473 2567 2570 2577 2597 2598 2599 2600 2601 2602 2603 2709 2715 2721 2771 2772 2788 2843 2844 2905 2932 2952 2968 2997 3016 3035 3112 3127 3191 3201 3227 3264 
宁 708 709 710 2316 
它 1315 
宇 1316 1317 
守 488 489 1143 1318 1319 1320 2115 2819 
安 119 837 1321 1322 1523 
宋 169 1060 1062 1323 1324 1325 1326 
完 1327 1328 1329 1330 1331 1332 1333 
宏 1334 1335 1336 1660 
宓 1030 
宗 1337 1338 1339 1340 1341 1342 2165 2589 
官 1343 1344 
宙 1316 1317 
定 38 569 656 657 658 1024 1104 1254 1345 1346 2616 2804 3086 
宜 120 1098 1958 
宝 1347 
实 217 289 536 607 775 966 1124 1144 1348 1349 1350 1351 1352 1353 1354 1355 1356 1357 1358 1359 1360 1361 1362 1363 1367 2098 2439 2440 2441 2556 2837 2982 3084 
审 1364 
客 229 230 1365 1366 1367 1368 1369 1370 
宫 1371 
害 734 1930 2479 
家 143 144 441 463 525 526 604 645 648 814 903 976 1005 1054 1092 1106 1107 1108 1167 1182 1216 1217 1357 1372 1373 1374 1375 1410 1617 1833 1849 2073 2252 2453 2494 2569 2600 2698 2772 2867 3032 3208 3210 3277 
容 383 384 632 1376 1377 
宽 1377 1378 
宾 1895 1896 
宿 1379 
寄 1380 
密 175 600 1036 1381 1382 2684 
富 207 208 1383 
察 2789 2937 
寡 1384 
寰 1385 
对 762 885 1386 1387 1388 1389 1390 1391 1392 1393 1394 1395 2522 2523 2739 2740 3247 3327 
导 231 1396 1397 1398 1779 1799 3024 
封 1399 1400 1401 1402 
射 1760 1826 1847 
将 1619 
尊 1403 
小 955 1200 1210 1218 1404 1405 1406 1407 1408 1409 1410 2757 3118 3190 3219 
少 661 954 1411 1544 2003 2853 
尔 414 415 733 770 1412 1464 1738 2125 2130 2268 2411 2635 2893 3034 3035 3071 3129 3131 3374 3375 3399 
尘 2039 
尚 402 1413 1414 1415 1416 1417 1418 1440 3348 
尤 1419 
就 1705 3198 
尹 1420 
尺 1421 
尼 1274 1422 1423 1424 1432 2888 
尽 906 999 2618 
局 564 1425 1426 1427 1574 2126 
层 39 87 1192 1428 1429 1430 1431 1889 2317 2919 
居 1013 1432 
屈 121 1433 
届 853 
展 893 894 895 896 1434 1742 3133 3164 
属 385 1435 1436 1566 1724 
屡 1437 
山 3044 
岁 1438 
岐 692 
岱 1557 
峰 877 2491 3376 
崇 1439 1440 1441 
崛 1442 
崩 3312 
川 210 2495 
州 588 
工 693 694 771 1443 1444 1445 1446 1447 1547 3214 
左 1448 1449 1450 1451 1452 
巧 1752 
巨 1453 1454 
巫 1455 
差 817 1456 1457 
己 735 
已 122 1458 1459 1460 1461 1462 1463 1954 
巴 940 1051 1464 
巷 2915 
币 3053 
市 1465 1466 1467 3226 
布 1468 1469 2888 3295 
帅 232 2744 
师 1219 1397 1470 1471 1472 3109 
希 941 1473 1474 1475 1476 
帜 1924 
帝 1477 2235 3392 
带 1133 1478 1479 1576 
席 1480 
常 1481 1482 1483 1484 1931 1946 2166 2717 3194 
幅 40 1783 
幕 41 
干 2876 
平 780 1046 1485 1486 1487 1488 1489 1490 1491 2217 2465 3219 
年 27 50 69 72 91 163 293 294 315 321 668 669 671 805 815 1193 1492 1493 1557 1852 1854 2633 3147 3316 3317 
并 622 1494 1495 
幸 123 
幻 1496 
幼 1497 1498 
幽 1499 
广 1500 1501 1502 1503 2318 
庄 1504 1505 2785 
庇 1506 
序 1932 2023 2607 
库 1347 
应 124 474 1389 1507 1508 1509 1510 1511 1512 2524 2527 3180 
底 1497 1513 1514 1567 1587 2875 
庙 1515 
府 271 1898 
庞 1516 
废 508 1517 
度 360 738 774 835 836 936 1109 1196 1421 1635 2106 2211 2375 2613 2949 3195 3377 
座 42 1518 1523 3153 
庭 695 1217 
康 515 1519 1520 2222 
庸 195 196 1521 1522 3288 
延 1523 
廷 1371 
建 1399 1400 1524 1525 1526 1527 1528 3233 
开 1388 1434 1529 1530 1531 1532 1533 1534 1535 1536 1537 1538 1539 1822 2591 2592 2754 2781 
异 259 608 1210 1249 1540 1541 1542 1543 1544 1545 1546 1547 1548 1549 1550 2228 2397 2632 
弃 1743 1762 
弊 260 
式 435 581 977 1551 1579 1580 1916 2118 2127 2141 2167 2614 2882 2910 
弑 1552 
引 1553 1780 
弗 1554 
张 233 1220 1555 1556 1557 1558 
弱 1559 1560 
弹 2787 
强 884 1561 1562 1563 1564 1565 1595 2831 
归 999 1093 1566 1567 1568 1569 2495 
当 325 537 1508 1570 1571 1572 1573 1574 1575 2442 2525 3181 
录 1028 1576 
形 915 1489 1577 1578 1579 1580 1581 1582 1583 1584 1671 
彩 1191 1249 2738 
影 1585 1586 1757 2481 2758 3051 
役 1262 
彻 1587 
往 403 942 1588 1589 
征 1590 1591 2061 2398 3045 3046 
径 2026 3188 
待 1414 1592 1773 
很 1593 1594 1595 
律 234 295 388 389 1370 1596 1922 2128 2129 2253 2832 2833 2942 2943 
徐 1597 1598 
徒 493 
得 125 502 909 978 1506 1599 1600 1601 1602 2531 2890 3026 
御 1603 
循 1604 1606 2860 
微 616 1605 1606 1607 2677 
德 327 1051 1291 1299 1520 1608 1609 1893 2156 2773 3102 3209 3210 
徽 1322 
心 197 198 1065 1066 1067 1368 1610 1611 1612 1613 1614 1615 1616 1617 1618 1714 1764 2707 3297 
必 126 1328 1619 1620 1621 1622 1623 
忍 1376 
志 1691 2111 
忘 1624 3215 
忙 794 
忧 1625 2081 
快 772 1626 1627 1628 1629 1630 
念 1907 2137 2938 
忽 1631 
怀 1632 1633 2928 
态 360 779 780 1483 1581 1612 1634 1635 2406 2465 2488 2617 3318 
怕 956 
怖 1657 
思 442 886 1636 1637 1638 1639 1640 1641 1642 1643 2239 2319 3033 3287 3355 3356 3357 
性 150 181 208 226 228 231 300 347 388 425 476 505 518 563 575 594 626 657 722 723 750 766 849 957 990 1026 1038 1041 1194 1358 1402 1426 1534 1613 1621 1644 1645 1646 1653 1663 1682 1698 1747 1775 1779 1827 1985 2122 2204 2276 2280 2390 2399 2402 2413 2416 2448 2449 2454 2510 2539 2578 2601 2616 2647 2813 2827 2833 2839 2848 2859 2860 2927 2943 3166 3239 3268 3272 3298 3323 3330 
总 1647 1648 1649 1650 1651 1652 1653 1654 1655 
恋 1656 
恐 1657 
恒 1658 2223 2819 
恕 1378 
恢 1659 1660 
恩 443 672 1661 3359 
息 494 495 565 2831 
恰 1662 
恶 1077 1136 1663 1664 
悖 1665 
悟 1693 
悠 850 
悲 1666 1667 1668 1669 
情 137 348 1271 1670 1671 1672 1673 1674 1675 1676 1694 1695 1755 1756 2384 2536 2863 
惊 1677 1678 1679 
惨 1680 
惭 1681 
惰 1682 
想 442 1051 1638 1639 1725 2133 2450 2620 
愈 1683 1684 1685 1686 
意 1078 1609 1687 1688 1689 1690 1691 1692 1904 1933 2105 2267 2352 2560 2568 2998 3298 
感 1693 1694 1695 1696 1915 2369 
愤 1668 
愧 127 1570 1681 
愿 2834 
慎 1697 
慢 1698 2755 
慧 1988 
戈 2130 2268 
戊 386 
戍 386 
戏 1699 1700 
成 728 916 1319 1331 1461 1582 1602 1701 1702 1703 1704 1705 1706 1707 1708 1709 1710 1713 2095 2258 2345 2551 2705 2728 2736 2792 2835 2955 3130 3199 3311 
我 466 1711 1712 1713 1714 2836 2837 
或 1715 
战 149 296 1716 1717 1718 1719 1720 1721 1758 1782 1975 2743 2975 
戴 110 1722 
户 3255 3256 
所 978 1723 1724 1725 1726 1727 1728 2024 3297 
扇 1729 
手 673 742 1221 1390 1730 1925 2816 
才 349 1234 1731 1732 3154 
扎 1464 1733 
扑 1734 
打 791 1735 
托 1380 1736 1737 1738 1739 
执 1740 1741 
扩 1742 
扬 702 1558 1743 3378 
扭 1744 
扮 1745 
批 1746 1747 1748 1874 2639 
扼 1749 
找 1750 
承 1471 1751 2746 2747 
技 1752 1753 2602 2604 3379 
把 1754 
抑 857 
抒 1755 1756 
投 1757 
抗 695 1391 1758 1759 
折 1760 1761 1995 
抛 1762 
护 2750 
抽 1763 
担 1751 1764 
拉 328 1497 1765 1766 1767 1768 2101 2194 2875 3284 3285 
拒 1759 1769 
拓 1532 
拔 3286 
拜 1770 1771 
拢 3324 
拥 1772 
拨 887 
择 3183 
括 792 2138 
拭 1773 
持 490 1145 1774 1775 1776 2751 
指 1777 1778 1779 1780 1781 
挑 1782 
挠 121 
挥 535 897 1781 
振 1783 1784 
损 1785 
换 1786 
据 477 2976 
授 1843 
排 1787 1788 1789 1790 2793 
探 1791 1792 
接 1793 1794 1795 2512 3259 
控 1796 3038 
推 1797 1798 1799 1800 1801 1963 
掩 1802 
描 1803 
提 593 747 1161 1804 1805 1806 1807 1808 
揖 1809 
握 1754 
揽 793 
搜 1810 
搞 1811 
摆 1812 1813 3248 
摇 1814 
摩 1815 
摹 1816 
撑 1817 
撞 2559 
播 434 435 1502 
擅 1818 
操 957 1819 
收 622 1031 
改 1341 1820 1821 1822 
攻 1823 
放 829 830 831 1388 1533 1534 1535 1822 1824 1825 1826 1827 1828 2934 2953 3047 3048 
政 873 1741 1829 1830 1831 1832 1833 
效 728 1834 1835 1959 2025 2026 
敌 1836 2977 
救 1837 1838 1839 
教 88 413 457 890 1155 1340 1341 1545 1770 1840 1841 1842 1843 1844 1845 1846 1905 1921 2725 
敢 128 785 
散 696 1847 1848 1849 1850 2333 2797 
数 350 666 1212 1411 1851 1852 1853 1854 1855 1856 1857 1934 1935 1936 2142 
整 1332 1810 1858 1859 1860 1861 
文 159 187 199 351 352 353 375 485 526 770 868 943 1204 1205 1415 1416 1523 1848 1849 1850 1862 1863 1864 1865 1866 1867 1868 1869 1870 1871 1872 1873 1874 1875 1876 1877 1878 1879 1880 1881 1882 1883 1884 1885 1886 2191 2208 2209 2435 2493 2605 2673 2968 3129 3191 
斗 1720 1887 1888 3282 
料 3068 
斥 1790 
斩 1628 
断 129 729 730 1148 1889 1890 1891 2144 2178 
斯 325 412 413 443 672 711 787 1161 1256 1257 1274 1299 1469 1506 1514 1661 1738 1739 1892 1893 1894 1895 1896 2194 2255 2256 2264 2272 2382 2798 3286 3360 
新 681 717 919 1081 1085 1164 1664 1801 1897 1898 1899 1900 1901 1902 1903 1904 1905 1906 1907 1908 1909 1910 1911 1912 1913 1914 1915 1950 1952 1970 2004 2005 2229 2322 2496 2552 2782 3234 3295 3331 
方 158 159 161 435 566 716 1134 1135 1296 1344 1392 1916 1917 1918 1919 1920 2931 2932 
施 1921 
旋 234 1094 1922 2909 2910 2911 
族 188 1110 1375 1546 1548 1923 2201 2202 2203 2204 2205 2594 2904 3064 3065 3223 
旗 1924 1925 
无 967 1207 1570 1926 1927 1928 1929 1930 1931 1932 1933 1934 1935 1936 1937 1938 1939 1940 1941 2022 2197 2198 2224 2225 2780 2854 
既 1942 1943 
日 1944 1945 1946 1947 1948 2496 
旧 917 938 944 1081 1320 1632 1656 1906 1907 1949 1950 1951 1952 2552 3295 
早 1953 1954 2014 
时 245 495 594 854 1098 1099 1575 1955 1956 1957 1958 1959 1960 1961 1962 1963 1964 1991 2027 2176 2374 2549 2633 3317 3404 
旷 1965 
旺 343 602 1966 
明 187 548 898 1324 1359 1536 1876 1877 1878 1967 1968 1969 1970 1971 1972 1973 2673 2983 3027 
星 71 1974 2372 
映 888 
春 1975 
是 43 130 219 243 297 480 842 968 1509 1651 1976 1977 2006 2056 2168 2499 2537 2828 3152 3155 
显 979 1968 1978 1979 
晋 3383 
晚 1980 
晦 1981 
普 1982 1983 1984 1985 
景 748 1250 1986 2686 2805 3170 
晰 1969 
晶 2729 
智 1987 1988 1989 1990 2451 2693 
暂 1991 
暗 1992 3406 
暴 1993 
曲 532 1547 1700 1994 1995 1996 1997 
更 1998 1999 2000 2001 2002 2003 2004 2005 2006 2007 
曼 733 1257 
曾 2008 2009 
替 330 392 
最 2010 2011 2012 2013 2014 2015 2016 
月 1438 1908 
有 200 323 340 368 466 617 624 980 981 1222 1462 1510 1672 1711 1772 1776 1943 2015 2017 2018 2019 2020 2021 2022 2023 2024 2025 2026 2027 2028 2029 2030 2031 2032 2033 2034 2035 2036 2037 2243 2400 2557 
服 555 1590 2038 
望 2039 2526 
朝 585 2040 2323 2423 
期 1037 1038 1961 2041 2042 3404 
朦 2043 
未 323 387 2044 2045 2046 2047 2048 
本 354 609 905 1154 1947 2049 2050 2051 2052 2053 2054 2055 2056 2057 2058 2059 2060 2061 2062 2120 2121 2122 2393 2579 3010 3069 
术 1306 1307 1455 1753 1869 1875 2063 2064 2602 2865 2866 2867 2868 3197 3235 
朱 2065 
朴 2066 
机 838 1465 1937 2028 2029 2067 2068 2069 2070 2466 2719 
朽 2220 2824 
杀 870 1749 2071 2838 2839 
杂 1179 2072 2073 2702 
权 1108 1260 1829 2074 2075 2076 2424 2580 3315 
杆 1817 
李 2077 2078 2079 
材 3346 
村 1137 
杜 2080 
杞 2081 
束 2082 2730 
条 44 1844 2083 2666 
来 59 99 404 682 869 942 1012 1013 1014 1021 1119 1186 1270 1479 1734 2020 2044 2045 2046 2057 2084 2085 2086 2087 2467 3080 3147 3252 
杨 2088 
杰 2089 2090 
极 170 298 1236 1237 2091 2092 2093 2094 2300 2491 2713 
构 1000 1430 1525 2068 2095 2096 2731 2732 2954 
析 615 697 2312 2672 
林 1268 1468 1894 2097 2660 
枚 132 
果 1079 1706 1834 2098 2551 
枝 2099 
枯 509 2100 
柏 2101 2102 
某 2103 2104 2105 2106 
染 2237 
柔 714 2107 3273 3274 
柳 2108 
标 1518 2109 2110 2111 2112 2505 
树 261 945 1526 2113 2114 
株 2115 
样 977 1001 1194 2116 2117 2118 2119 2139 
根 1151 1567 2120 2121 2122 2123 
格 176 355 414 788 1422 1514 1661 2102 2124 2125 2126 2127 2128 2129 2875 3349 3399 
案 1917 
桑 2130 
桥 753 2627 
梁 2131 2132 
梦 2133 
梭 833 
梯 3279 
械 2069 
森 2077 2102 2957 
楚 2134 
楷 2135 
概 45 2136 2137 2138 
榜 2139 
模 1230 2135 2140 2141 2142 
横 2143 2144 2145 2697 2698 
次 46 171 1192 1195 1429 1430 1936 2146 2642 2648 
欢 1082 
欧 2147 2148 2149 2150 2151 2152 2153 3322 
欲 1384 1673 2588 2699 3297 
欺 2154 
歌 2155 2156 2157 2158 2206 2999 
止 2224 2225 3132 3265 
正 496 2159 2160 2161 2162 2163 2164 2165 2166 2167 2168 2169 2170 2171 2172 2173 2174 2546 2917 3121 3309 
此 302 1269 1270 2162 2175 2176 2177 2477 
步 47 543 727 1002 1223 2007 2349 3158 3165 3166 3186 
武 1275 2178 2235 2475 
歪 3220 
死 2179 
殉 2180 2181 
殊 2401 2402 
残 2840 
殖 2182 2183 2184 
段 1730 2387 3280 
毁 2185 
母 262 280 427 2186 
每 2187 2188 
比 762 940 2189 2190 2191 2192 2193 
毕 2194 
毛 1190 2195 2196 
毫 2197 2198 
氏 406 2148 2199 
民 188 356 446 649 1111 1112 1467 1486 1548 1909 1910 2182 2183 2184 2200 2201 2202 2203 2204 2205 2206 2207 2208 2209 2611 
气 1224 1225 2210 2211 2212 2213 
水 2214 2215 2216 2217 2218 2308 
永 2219 2220 2221 2222 2223 2224 2225 2226 
求 405 623 759 1791 2227 2228 2229 2230 2231 3178 3313 
汇 2232 
汉 2233 2234 2235 2236 2287 
江 3253 
污 2237 
汰 2311 
汲 2238 
沉 2239 2240 
沌 2320 
沟 393 2241 2242 
没 2243 2244 
河 836 851 1423 1497 1514 1658 2245 2246 3393 
治 1830 1831 1832 1833 1970 2184 2745 
沾 2247 
泉 2336 
法 79 277 527 716 918 919 1918 1919 1938 2119 2248 2249 2250 2251 2252 2253 2254 2255 2256 2257 2879 3125 
泛 2258 2259 2260 
波 2261 2262 2263 2264 2265 2266 
注 2267 2359 
泰 415 1738 2268 2411 
泼 2277 2460 
泽 2078 2196 
洋 2269 2933 
洛 2270 2271 2272 3360 
洲 319 326 2149 2150 3403 
活 2179 2273 2274 2275 2276 2277 2370 2441 2460 2468 2469 2569 
派 48 84 168 172 236 278 320 376 577 737 831 935 946 982 1053 1055 1278 1308 1311 1314 1325 1407 1451 1707 2018 2058 2172 2269 2278 2279 2280 2281 2282 2283 2286 2405 2436 2753 2786 2868 3000 3048 3337 
流 85 89 151 235 236 263 275 331 988 1055 1824 1971 1992 2246 2284 2285 2286 2287 2337 2338 2355 2429 2794 2868 3118 3254 3321 
浅 2288 2891 
测 240 2419 
济 895 1466 2718 2719 2720 2721 2722 2959 3035 
浓 2289 
浙 2290 
浩 815 2291 
浪 1679 2287 2292 2293 2294 2295 
海 1126 2296 2297 2298 2385 2495 
消 2299 2300 2301 2302 2303 2304 2305 
涉 2306 
涌 2307 
涑 2308 
涛 1679 2265 
涡 2218 2309 
涩 1981 
涵 633 2310 
淘 2311 
深 2312 2313 2314 2315 2316 2317 2318 2319 2670 
混 2320 
清 1972 2321 2322 2323 2324 2325 
渊 1374 
渐 2169 2326 2327 2328 3187 
渗 2329 
温 2330 2331 
港 961 
游 2332 
湾 192 
溃 2333 
溉 2247 
源 878 1374 1450 2086 2087 2123 2334 2335 2336 2337 2338 2478 2817 
溟 2132 
溢 1136 2339 
滑 104 
滞 513 522 2340 3283 
满 2841 
滥 2258 2341 
漆 2342 
演 1685 1745 2343 2344 2345 2346 2795 
漩 2347 
漫 2293 2294 2348 2349 2350 
漱 2132 
潜 2351 2352 
潮 151 237 1226 1640 2295 2353 2354 2355 3001 
激 741 2356 2357 
濂 2358 
灌 2359 
火 2360 2361 2362 2363 2364 2366 3135 
灭 2185 2301 2365 
灯 2366 
灰 2367 2368 
灵 1614 2369 2370 2621 
灾 1227 2258 2371 
灿 553 2372 
炸 2380 
点 211 422 1560 2373 2374 2403 2508 2939 3236 
烂 553 
烈 1564 1685 2356 2375 
焚 2376 
焰 2362 
然 379 478 517 518 1620 1621 2842 2843 2844 3085 
照 2940 
熟 1708 2319 
熵 2377 
燃 2378 
爆 2379 2380 
爱 510 1083 2381 2382 2383 2384 2385 2386 
父 1552 
片 2387 2388 2389 2390 2558 
版 683 2437 
牛 1190 2391 
物 73 290 336 691 706 781 847 1068 1069 1070 1071 1087 1178 1770 1937 2029 2392 2393 2394 2395 2396 2470 2471 3123 3124 3237 
特 610 1474 2061 2397 2398 2399 2400 2401 2402 2403 2404 2414 
犬 2405 
状 2266 2406 2443 
犹 2407 2408 2409 
狂 2410 
狄 2411 
独 2412 2413 2414 2415 2416 2417 
狭 2418 
狱 1872 
猛 3133 
猜 1051 2419 
献 1879 1880 3052 
猿 357 2420 
玄 2421 
率 3344 
玉 1325 
王 540 1881 2422 2423 2424 2425 3002 
玩 2426 2427 
环 1604 1606 2428 2429 2860 3296 
现 452 641 684 899 1350 2307 2430 2431 2432 2433 2434 2435 2436 2437 2438 2439 2440 2441 2442 2443 2444 2445 2837 2920 2921 3146 
球 156 567 1137 2930 
理 137 264 291 439 440 441 442 611 989 990 1003 1056 1072 1172 1324 1615 1616 1617 1810 1855 1885 2171 2394 2446 2447 2448 2449 2450 2451 2452 2453 2454 2472 2473 2538 2539 2955 3323 
琴 2385 
璋 1273 
瓦 1945 2455 
瓶 1952 
甚 2456 
生 49 90 337 358 359 360 361 519 541 595 642 691 900 1247 1472 1512 2281 2441 2457 2458 2459 2460 2461 2462 2463 2464 2465 2466 2467 2468 2469 2470 2471 2472 2473 2474 3012 3290 3296 
用 185 201 218 453 464 534 643 736 951 1351 1352 1603 1695 2370 2475 3142 
甫 2080 
由 2476 2477 2478 2845 2846 
申 2479 2480 
电 1618 2481 2482 2483 2820 
男 2484 
画 1113 1120 2737 
界 147 148 149 150 151 152 211 560 781 1162 1336 1607 2485 2640 2674 2866 3076 3326 
留 2486 
略 202 2665 
疑 1633 
疯 2487 
病 2488 
症 1017 2490 
痛 2240 2489 
癌 2490 
登 1815 2491 
白 1342 1882 2079 2492 2493 2513 3394 3400 
百 50 91 293 321 669 670 671 2494 2495 2496 2497 3032 3147 
的 219 1911 2498 2499 2500 2506 2507 2774 2978 
皇 2606 
皈 2501 
益 1835 1948 2030 2031 2502 2891 3109 
盖 1802 2310 
盗 2298 
盘 568 569 570 
盛 2503 3404 
盟 2504 2733 
目 1773 2505 2506 2507 2509 2510 
盲 2508 2509 2510 2864 
直 51 2511 2512 2513 2514 2515 2516 
相 306 307 308 309 973 1154 1576 2517 2518 2519 2520 2521 2522 2523 2524 2525 2526 2527 2528 3247 
盾 637 2542 
看 571 1019 2529 2530 2531 2532 2700 
真 2230 2533 2534 2535 2536 2537 2538 2539 2540 2963 3202 
着 1689 
督 1155 2541 
瞻 749 750 
矛 637 2542 
知 2231 2543 2544 2545 
矫 2546 
短 911 2547 2548 2759 
石 2549 
研 2550 2551 2603 
破 1735 2552 2553 2554 2625 
础 1156 
确 2170 2171 2555 2556 2557 
碎 2553 2558 
碰 2559 
示 1027 1028 1121 1979 2560 2922 
礼 695 2561 
社 867 1265 1400 2562 2563 2564 2565 2566 2567 2568 2569 2570 2571 2572 2573 3003 
祀 2587 
祖 2574 
神 840 979 1476 1957 2032 2259 2575 2576 2577 2578 2579 2580 2581 2582 2583 2584 2585 2586 2671 2672 2673 2674 
祭 2587 
禁 2588 
禅 2589 
福 1049 2249 2590 2683 
离 2591 2592 2821 
私 1207 
秋 981 1975 
种 52 92 165 173 322 578 756 2104 2105 2106 2395 2492 2593 2594 2595 2643 3156 
科 329 353 975 1309 1899 2055 2077 2463 2497 2570 2573 2596 2597 2598 2599 2600 2601 2602 2603 2604 2605 2844 3112 3127 3379 
秘 1258 2581 2582 
秦 542 2606 
秩 2607 
积 2608 
称 991 2609 
移 447 1800 1963 2610 2611 3110 
程 369 751 855 1591 2106 2612 2613 2614 3136 3214 
稍 2615 
稣 2799 
稳 2616 2617 3086 
究 2550 2551 2603 
穷 1428 1939 2618 
空 94 972 2324 2619 2620 2621 2622 
突 651 1541 2623 2624 2625 2626 
立 718 783 1393 1394 1395 1527 2097 2113 2415 2416 2552 2627 2628 2629 3405 
站 2630 
竞 1663 2631 2632 
童 2633 3149 
端 1537 1549 2094 
笛 2634 2635 
符 2636 
第 837 2637 2638 2639 2640 2641 2642 2643 2644 2645 2646 2647 2648 2649 
等 707 1269 2650 2651 2652 
筒 74 
答 1095 
策 659 1718 
签 2112 
简 958 2653 2654 2655 2656 
算 1090 2657 
管 879 2658 2912 
箱 2367 
篮 1814 
篱 2902 
籍 2775 
米 2659 2660 2661 
类 86 362 363 561 698 2662 2663 
粒 2664 
粗 2665 2666 
粹 1114 
精 612 1957 2667 2668 2669 2670 2671 2672 2673 2674 2675 2676 2677 2678 
糊 2142 
系 199 454 599 600 1288 1382 1535 1639 2282 2584 2679 2680 3019 3042 
素 1100 2681 
索 2682 2683 2762 
累 2608 
繁 2099 2192 2684 2685 2686 2687 2702 
纠 2688 
约 307 739 1252 1277 1278 2675 2689 2690 
级 93 666 3281 3282 3380 
纪 153 183 804 806 809 810 2049 
纯 2691 2692 2693 
纳 1568 2694 2695 
纵 1819 1828 2696 2697 2698 2699 2700 
纷 2701 2702 2703 
线 1487 1996 1997 2514 2666 2743 
组 421 1856 2572 2704 2705 2706 
细 2676 2677 2707 2708 2709 2710 
织 2572 2706 
终 2022 2711 2712 2713 
经 53 586 895 1463 1466 2009 2047 2583 2584 2585 2714 2715 2716 2717 2718 2719 2720 2721 2722 2723 2724 2725 2726 2959 3004 3035 3392 
结 1101 1430 1567 1569 1652 1653 1674 1726 2527 2727 2728 2729 2730 2731 2732 2733 2734 
绘 2735 2736 2737 
绚 2738 
络 2585 2723 
绝 1769 2365 2739 2740 
统 54 55 436 1288 1394 1535 1654 2172 2184 2584 2679 2680 2741 2742 2743 2744 2745 3211 
继 2746 2747 2748 2749 
绪 1675 
续 1592 1890 2748 2749 3171 
维 56 94 919 1196 1641 1970 2425 2496 2750 2751 
综 2752 2753 
绽 2754 
缓 2755 
缘 3126 3127 
缚 2756 
缩 2289 2757 2758 2759 2895 
缺 2622 
网 2585 
罕 2760 
罗 458 947 1422 1423 2761 2762 2763 
罪 2764 
置 2765 
羊 582 
美 209 423 1073 1333 1364 1768 2151 2152 2339 2386 2535 2692 2766 2767 2768 2769 2770 2771 2772 2773 2774 2775 2776 3274 
羡 1271 2777 
群 364 1709 2372 2778 2779 2780 3087 
翁 2886 
翰 2690 
翻 2781 2782 
老 948 2254 2783 2784 2785 2786 2787 3149 
考 1642 2788 2789 2790 
者 144 224 299 352 367 465 589 659 724 786 1014 1015 1310 1446 1498 1574 1590 1928 1989 1990 2747 2979 3036 3061 3067 3357 
而 45 136 616 624 797 889 910 1512 1583 1649 2193 2791 2792 2793 2794 2795 2796 2806 2822 
耗 634 2797 
耶 2798 2799 2800 
耻 131 
联 1382 2801 
聚 662 2802 2803 
肃 177 
肯 2804 
育 901 1845 2776 
胆 1228 
背 295 2805 2806 
胎 2807 
胚 2807 
胜 57 132 1721 2808 3088 3111 
胞 2708 2709 
胡 2809 
胧 2043 
胸 2810 
能 133 655 952 959 1732 2048 2059 2070 2811 2812 2813 2814 2815 2816 2817 2818 2819 
脉 782 3319 
脑 970 1229 1246 1452 2482 2820 
脱 1813 2821 2822 3083 3089 
腊 941 1475 1476 
腐 2823 2824 2825 
臆 240 
自 390 1198 1824 2417 2826 2827 2828 2829 2830 2831 2832 2833 2834 2835 2836 2837 2838 2839 2840 2841 2842 2843 2844 2845 2846 2847 2848 2849 2850 
至 2851 2852 2853 2854 
致 58 1398 2710 
舞 2157 2855 2856 
航 2857 
般 59 
船 2858 
良 406 2859 2860 
艰 2861 
色 1584 2368 2404 2862 2863 2864 2950 3401 
艺 1523 1875 1883 1884 1885 2209 2865 2866 2867 2868 3005 3197 
节 2469 2869 3039 
芒 549 
芜 3114 
芝 2870 
芬 3050 
芭 2871 
花 74 265 1138 1912 2872 
芽 2894 
苏 95 2873 2874 2875 
苟 128 
若 2372 2876 
苦 789 2489 2877 
英 2678 2878 2879 2880 
茂 2099 
范 619 2881 2882 
茨 2790 2888 
荀 2883 
荒 2884 
荡 1784 
荣 550 551 596 2192 2685 2686 
药 801 
荷 2885 
莎 1896 2886 
莫 2039 2887 
莱 1473 1554 2888 
获 2889 2890 2891 
菲 1050 2892 2893 
萌 2894 
萎 2100 2895 
营 1256 2896 2897 
萨 458 2898 
落 1158 2244 2899 3224 
著 1006 
葬 2363 
蒙 1029 2762 2900 
蓄 622 
蕾 2871 
薄 860 861 2288 2901 
藩 2902 
虑 1625 2319 
虚 2903 
蛮 2904 3241 
蜀 2905 
蜕 2906 2907 
融 332 2302 2908 
螺 2909 2910 2911 
血 2912 
行 543 587 635 760 1488 1489 2145 2913 2914 3167 
衍 2687 
街 2915 
衡 740 780 1141 1240 1311 1490 2465 
补 310 911 2916 2917 2918 
表 139 394 2919 2920 2921 2922 2923 2924 2925 
衰 603 2503 
衷 1761 
被 2926 2927 
袭 154 
裂 699 2708 
襟 2810 2928 
西 160 161 185 203 570 1197 2255 2256 2929 2930 2931 2932 2933 
要 238 1328 1622 2000 2146 2934 3238 3239 3314 
见 367 511 719 728 1437 1990 2530 2531 2760 2935 3256 3289 
观 152 204 230 239 240 272 273 361 1070 1317 1335 1336 1366 1367 1368 1369 1370 1607 1669 1870 1907 2936 2937 2938 2939 2940 
规 134 1230 1370 2941 2942 2943 
视 1631 1836 2483 2944 2945 2946 2947 3115 3240 
览 2948 
觉 1696 2515 2516 2847 2848 
角 2946 2949 2950 
觞 2341 
解 700 2303 2455 2951 2952 2953 2954 3023 
言 1007 1649 1891 2193 2205 2955 2956 3020 3070 3340 
詹 2957 
誉 1169 2958 
计 2959 
认 583 1025 2960 2961 2962 2963 2964 2965 
讨 2966 
训 1846 2725 
议 283 2967 
记 1624 
讲 2968 2969 
许 276 1715 2970 2971 2972 
论 45 198 201 246 284 389 658 1067 1071 1072 1633 1665 1885 1919 2051 2259 2452 2453 2454 2507 2523 2636 2680 2726 2734 2796 2965 2966 2967 2973 2974 2975 2976 2977 2978 2979 2980 2985 3041 3124 3163 
设 504 505 1528 
证 472 1353 1354 1359 1973 2121 2764 2980 2981 2982 2983 3122 3123 3124 3125 
评 1346 1748 1874 2984 3175 
识 597 1692 1933 2033 2352 2544 2545 2568 2825 2964 2965 
诉 1034 
词 1062 1326 
试 2985 
诗 562 969 1061 1062 1408 1756 1850 2129 2384 2500 2548 2846 2885 2986 2987 2988 2989 2990 2991 2992 2993 2994 2995 2996 2997 2998 2999 3000 3001 3002 3003 3004 3005 3006 3007 3269 3275 3339 
话 467 1476 2493 2586 2969 3008 3009 3010 3011 
诞 3012 
诡 3013 
该 135 1511 
诬 3014 
语 924 1766 2064 2205 2915 2956 3011 3015 3016 3017 3018 3019 3020 
误 1241 3021 3022 3023 
诱 3024 
说 59 437 506 1270 1312 1409 1410 1727 2332 2346 2984 3025 3026 3027 3028 3190 
诵 3029 
诸 1313 3030 3031 3032 3033 
诺 1896 2762 3034 3035 
读 3029 3036 3262 
课 2918 
调 824 884 1565 2787 2849 3037 3038 3039 
谈 1523 2915 
谊 874 
谋 136 
谐 1047 
谓 1728 
谛 2540 
谠 3040 
谢 395 1913 
谬 2884 3041 
谱 3042 
象 1763 2212 2444 2445 2686 3043 3044 3045 3046 3296 
豪 3047 3048 3049 
贝 3034 3035 3050 
负 60 3051 
贡 3052 
败 174 1242 1602 3111 
货 3053 
质 402 609 1355 1417 1550 1646 2060 2061 2213 2396 2626 2681 3054 3055 3056 
贩 3057 
贬 3058 
贯 3059 
贱 3060 3061 3063 
贴 3062 
贵 3063 3064 3065 
费 2304 
贾 3066 
资 3067 3068 3069 
赋 2158 2236 3006 
赏 3246 
赖 2519 
赘 3070 
赛 3071 
赞 3072 
赫 1051 3361 
走 3073 3074 3075 3076 3077 
赶 3078 
起 61 1442 1541 1553 2114 2378 3079 3080 3081 
超 1214 3082 3083 3084 3085 3086 3087 3088 3089 3090 3091 
越 424 425 1214 3090 3100 
趋 896 1655 3092 3093 3094 
趣 1676 
足 2850 3095 3096 3097 
跃 3098 3351 
距 1457 
跨 3099 3100 
路 2474 3101 3102 3212 
跳 93 1817 
践 1124 1356 1357 1358 1359 
踏 3103 
蹈 2856 
身 2062 2765 3104 
躯 3104 
车 1629 2364 
轨 1794 3105 
转 114 309 2571 3106 3107 3108 3109 3110 3111 
软 3112 
轻 3113 3114 3115 
载 1865 
较 2190 2191 2192 2193 3116 3117 3118 
辈 3119 
辉 552 553 3120 
辑 3200 3201 
辛 1256 
辜 3121 
辞 497 2134 
辟 1538 
辨 3303 
辩 266 1643 3013 3122 3123 3124 3125 3304 
边 1489 3126 3127 
达 602 902 903 1965 2194 3128 3129 3130 3131 3386 
迁 920 
迄 3132 
迅 3133 3387 
过 2034 2722 3028 3091 3134 3135 3136 
迈 3049 3137 3172 
迎 3138 
运 317 1042 1090 1512 1997 2370 2693 2911 3139 3140 3141 3142 
近 137 1795 2177 3143 3144 3145 3146 3147 3203 
返 3148 3149 
还 3149 3150 
这 3151 3152 3153 3154 3155 3156 
进 481 544 598 1016 1360 2007 2357 3077 3157 3158 3159 3160 3161 3162 3163 3164 3165 3166 3167 3168 
远 93 2226 2338 3169 3170 3216 
连 3171 3172 
迪 3173 
迫 384 3174 
述 100 105 752 1803 2480 2923 3175 
迷 1574 3176 
迹 1251 3105 3177 
追 3178 
退 498 3168 3179 
送 2283 
适 992 3180 3181 
逆 114 960 3182 
选 710 3183 
逍 3184 
透 2329 3185 
逐 3186 3187 
途 701 1147 1539 2026 3188 
通 428 979 2242 2528 3059 3189 3190 3191 3192 3193 3194 
速 773 774 921 1630 3195 
造 720 721 722 723 724 1159 2096 2491 2897 3196 3197 3198 3199 
逢 1450 
逻 3200 3201 
逼 3202 3203 
遁 3204 
遇 3205 
遍 1984 1985 
遏 3206 
道 196 205 365 702 1865 2806 3207 3208 3209 3210 3211 3212 3220 3395 3402 
遗 1017 3213 3214 3215 
遥 3184 3216 
遭 3217 
避 115 1096 1329 
邓 3218 3219 
邪 3220 
邵 3221 
郎 1198 
部 62 63 572 636 637 745 1187 3222 3223 3224 
都 1231 2661 3225 3226 
酒 1952 
醒 2325 
采 1424 
释 3227 3263 3264 
里 327 1514 2153 2887 3228 
重 64 178 300 311 512 1243 1403 2000 2035 2787 3229 3230 3231 3232 3233 3234 3235 3236 3237 3238 3239 3240 
野 1125 2947 3241 
量 761 762 1857 2818 2819 3056 3242 3243 
金 993 1771 3244 3245 
鉴 499 1048 2036 3246 
针 827 3247 
钟 3248 
钢 993 
钦 3249 
钱 3245 
锋 545 3247 
键 601 
镳 702 
长 267 613 830 851 911 1686 2338 2350 3250 3251 3252 3253 3254 
门 145 2257 3220 3255 3256 
闭 1401 1402 
问 131 3257 
闲 2305 
间 94 206 268 1962 1963 2207 2208 2209 3258 3259 
闹 3260 
闽 3261 
阅 3262 
阐 3263 3264 
阔 1168 1503 
防 3265 
阳 220 372 483 1238 2988 3266 3267 3268 3269 3271 3276 3277 3278 
阴 429 3270 3271 3272 3273 3274 3275 3276 3277 3278 
阶 3279 3280 3281 3282 
阻 3283 
阿 3284 3285 3286 
陀 459 3287 
附 3288 
际 1115 1116 1361 1362 
陆 1232 2037 
陈 1801 1913 
陋 3289 
陌 3290 
降 1084 3291 3292 3293 
限 1425 1426 1940 
院 1314 
除 2554 3294 3295 
险 1792 3296 
随 3297 3298 
隐 3299 
隘 2418 
隶 1263 1264 1265 
难 138 904 1103 1227 2371 2861 2877 3168 3300 3301 3302 
雄 285 1275 2880 3303 3304 
雅 221 1022 1710 1864 1886 3305 3306 3307 3308 3309 3350 3381 
集 573 710 1256 1810 2803 3310 3311 
雕 2342 
雪 3312 
零 1300 
雷 1767 
需 3313 3314 
震 1139 
霸 2609 3315 
青 1484 3316 3317 
静 241 3318 3319 
非 328 660 798 1495 1977 2260 3320 3321 3322 3323 3333 3338 3403 
靠 3324 
面 65 574 575 890 949 1395 1427 1431 1491 1729 1920 2173 2388 2389 2390 2924 2925 3051 3138 3325 3326 3327 
革 334 551 922 1341 1821 1822 3328 3329 3330 3331 
鞅 1075 
韩 828 3332 3333 
韵 3334 
页 1911 3335 
顺 3336 
须 1418 1623 1941 
顽 3337 
顾 625 
顿 414 2391 
颂 3338 3339 3350 
预 3340 
领 154 3341 3342 
颇 3343 
频 3344 
颖 2822 
题 891 985 994 2174 3257 3345 3346 
颜 3347 
风 852 1117 3348 3349 3350 
飙 2410 
飞 3081 3351 
食 3097 
饥 3352 
饭 1247 
饱 2331 
饿 3352 
首 66 2780 
马 469 947 1259 1739 2763 2885 3353 3354 3355 3356 3357 3358 3359 3360 3361 
驰 2806 
驱 546 638 639 3362 
骄 3363 
骇 1679 
验 455 1363 2724 2725 2726 
骑 3364 
骚 3007 3365 
高 269 593 1165 1441 1808 1817 2016 2854 3366 3367 3368 3369 3370 3371 3372 3373 3374 3375 3376 3377 3378 3379 3380 3381 
髦 1964 
魁 3382 
魏 3383 
魔 3384 
鱼 3278 
鲁 411 1469 2800 3385 3386 3387 
鲜 1437 1914 1915 
鸠 411 1299 
鸣 286 2494 
鸿 3388 
鹜 3389 
麦 3390 
麻 1628 
黄 3391 3392 3393 3394 3395 
黑 3396 3397 3398 3399 3400 3401 3402 3403 
默 1499 3131 
鼎 3404 3405 
齐 879 2532 3406 
龙 2780 
（ 3407 
） 3408 
＊ 3409 
／ 3410 
