1 0 6745
2 6745 8251
3 14996 3747
4 18743 5052
5 23795 3532
6 27327 1920
7 29247 1023
8 30270 1442
9 31712 1201
10 32913 2131
11 35044 1331
12 36375 1770
13 38145 1840
14 39985 2214
15 42199 1836
16 44035 7699
17 51734 18387
18 70121 3911
19 74032 4443
20 78475 3378
21 81853 3581
22 85434 10545
23 95979 4097
24 100076 1251
25 101327 926
26 102253 1538
27 103791 999
28 104790 2007
29 106797 4496
30 111293 1664
31 112957 6276
32 119233 7732
33 126965 2027
34 128992 4037
35 133029 2707
36 135736 4805
37 140541 8882
38 149423 5011
39 154434 8009
40 162443 4819
41 167262 10073
42 177335 2246
43 179581 1651
44 181232 2135
45 183367 1910
46 185277 2471
47 187748 2929
48 190677 2617
49 193294 13336
50 206630 2524
51 209154 2295
52 211449 2549
53 213998 3121
54 217119 1622
55 218741 10195
56 228936 9687
57 238623 4755
58 243378 7035
59 250413 3695
60 254108 3462
61 257570 2882
62 260452 5913
63 266365 3119
64 269484 5894
65 275378 4808
66 280186 13770
67 293956 3866
68 297822 3005
69 300827 1659
70 302486 8144
71 310630 5727
72 316357 12538
73 328895 3851
74 332746 2240
75 334986 5503
76 340489 5885
77 346374 7963
78 354337 10178
79 364515 3638
80 368153 3424
81 371577 2220
82 373797 420
83 374217 3819
84 378036 2066
85 380102 1519
86 381621 7414
87 389035 1056
88 390091 980
89 391071 1713
90 392784 3314
91 396098 1861
92 397959 4097
93 402056 2206
94 404262 4063
95 408325 1433
96 409758 4956
97 414714 2638
98 417352 1789
99 419141 2012
100 421153 1522
101 422675 4465
102 427140 4472
103 431612 4699
104 436311 17289
105 453600 2497
106 456097 12806
107 468903 14820
108 483723 9347
109 493070 8555
110 501625 5265
111 506890 11902
112 518792 3882
113 522674 5474
114 528148 5058
115 533206 4660
116 537866 6038
117 543904 3922
118 547826 4769
119 552595 4545
120 557140 7042
121 564182 4282
122 568464 6004
123 574468 3901
124 578369 4978
125 583347 24835
126 608182 2505
127 610687 5423
128 616110 5420
129 621530 5529
130 627059 4663
131 631722 4458
132 636180 3809
133 639989 24465
134 664454 2445
135 666899 5150
136 672049 5823
137 677872 16207
138 694079 10837
139 704916 2344
140 707260 5570
141 712830 6125
142 718955 3732
143 722687 6929
144 729616 7820
145 737436 5787
146 743223 7078
147 750301 4410
148 754711 6807
149 761518 5496
150 767014 7380
151 774394 4710
152 779104 8698
153 787802 5514
154 793316 5014
155 798330 34523
156 832853 2428
157 835281 4895
158 840176 6247
159 846423 4642
160 851065 2720
161 853785 21945
162 875730 5658
163 881388 5275
164 886663 4849
165 891512 2676
166 894188 4992
167 899180 4755
168 903935 6114
169 910049 4809
170 914858 23019
171 937877 5185
172 943062 4391
173 947453 5570
174 953023 2611
175 955634 5041
176 960675 5887
177 966562 6010
178 972572 3612
179 976184 5645
180 981829 6070
181 987899 6691
182 994590 3954
183 998544 5724
184 1004268 5225
185 1009493 5297
186 1014790 4266
187 1019056 7326
188 1026382 5312
189 1031694 4940
190 1036634 2769
191 1039403 25514
192 1064917 5239
193 1070156 5555
194 1075711 9977
195 1085688 10779
196 1096467 4655
197 1101122 4811
198 1105933 4393
199 1110326 6408
200 1116734 24701
201 1141435 2803
202 1144238 5613
203 1149851 5639
204 1155490 5944
205 1161434 4459
206 1165893 3771
207 1169664 4342
208 1174006 5098
209 1179104 5375
210 1184479 19566
211 1204045 2811
212 1206856 5177
213 1212033 8506
214 1220539 8396
215 1228935 3329
216 1232264 5540
217 1237804 8054
218 1245858 5577
219 1251435 6361
220 1257796 6699
221 1264495 4351
222 1268846 8169
223 1277015 5218
224 1282233 4967
225 1287200 4102
226 1291302 7909
227 1299211 5548
228 1304759 5560
229 1310319 24370
230 1334689 2789
231 1337478 4271
232 1341749 7222
233 1348971 5209
234 1354180 5444
235 1359624 3970
236 1363594 16069
237 1379663 5285
238 1384948 4501
239 1389449 4574
240 1394023 2627
241 1396650 5063
242 1401713 9542
243 1411255 4623
244 1415878 5019
245 1420897 5065
246 1425962 3497
247 1429459 9477
248 1438936 8718
249 1447654 2844
250 1450498 4246
251 1454744 5702
252 1460446 5667
253 1466113 5378
254 1471491 19547
255 1491038 5232
256 1496270 6880
257 1503150 3203
258 1506353 3906
259 1510259 5676
260 1515935 3275
261 1519210 11491
262 1530701 4954
263 1535655 6184
264 1541839 4793
265 1546632 3776
266 1550408 6511
267 1556919 5293
268 1562212 4789
269 1567001 4420
270 1571421 5945
271 1577366 5222
272 1582588 6210
273 1588798 22948
274 1611746 3016
275 1614762 4953
276 1619715 4859
277 1624574 5744
278 1630318 3056
279 1633374 4855
280 1638229 4198
281 1642427 4828
282 1647255 6729
283 1653984 27487
284 1681471 3008
285 1684479 5810
286 1690289 230
287 1690519 213
288 1690732 5639
289 1696371 16527
290 1712898 2650
291 1715548 3011
292 1718559 4567
293 1723126 3662
294 1726788 4668
295 1731456 4097
296 1735553 11467
297 1747020 10903
298 1757923 5956
299 1763879 13620
300 1777499 5277
301 1782776 6224
302 1789000 8100
303 1797100 8328
304 1805428 5857
305 1811285 7967
306 1819252 4987
307 1824239 4013
308 1828252 4943
309 1833195 7200
310 1840395 5434
311 1845829 32629
312 1878458 2738
313 1881196 13689
314 1894885 11586
315 1906471 7688
316 1914159 4093
317 1918252 13098
318 1931350 4927
319 1936277 3411
320 1939688 8979
321 1948667 3179
322 1951846 3766
323 1955612 2758
324 1958370 4917
325 1963287 16986
326 1980273 2811
327 1983084 4768
328 1987852 7785
329 1995637 4840
330 2000477 2450
331 2002927 6122
332 2009049 22401
333 2031450 2804
334 2034254 2423
335 2036677 2942
336 2039619 3306
337 2042925 19172
338 2062097 4804
339 2066901 7069
340 2073970 10428
341 2084398 5152
342 2089550 4986
343 2094536 4326
344 2098862 2419
345 2101281 7275
346 2108556 3237
347 2111793 5572
348 2117365 3818
349 2121183 7718
350 2128901 4124
351 2133025 5400
352 2138425 7557
353 2145982 5152
354 2151134 6226
355 2157360 4898
356 2162258 2705
357 2164963 23158
358 2188121 5133
359 2193254 4317
360 2197571 14034
361 2211605 2567
362 2214172 2566
363 2216738 2663
364 2219401 3489
365 2222890 2221
366 2225111 20168
367 2245279 4983
368 2250262 4304
369 2254566 5263
370 2259829 3180
371 2263009 2969
372 2265978 2757
373 2268735 3456
374 2272191 2885
375 2275076 3490
376 2278566 23490
377 2302056 5006
378 2307062 7839
379 2314901 2765
380 2317666 4581
381 2322247 2489
382 2324736 2543
383 2327279 4319
384 2331598 6673
385 2338271 6371
386 2344642 4906
387 2349548 5266
388 2354814 5848
389 2360662 4380
390 2365042 5361
391 2370403 5079
392 2375482 25265
393 2400747 2759
394 2403506 4612
395 2408118 4621
396 2412739 5145
397 2417884 3173
398 2421057 2759
399 2423816 2945
400 2426761 2952
401 2429713 3372
402 2433085 17345
403 2450430 4980
404 2455410 4997
405 2460407 2609
406 2463016 8876
407 2471892 2920
408 2474812 3395
409 2478207 3316
410 2481523 3378
411 2484901 21197
412 2506098 5948
413 2512046 4672
414 2516718 10671
415 2527389 11448
416 2538837 2804
417 2541641 5054
418 2546695 3378
419 2550073 5744
420 2555817 4567
421 2560384 7144
422 2567528 7356
423 2574884 3996
424 2578880 4742
425 2583622 3685
426 2587307 5295
427 2592602 2474
428 2595076 5640
429 2600716 24513
430 2625229 2716
431 2627945 4493
432 2632438 4772
433 2637210 247
434 2637457 2928
435 2640385 16128
436 2656513 2775
437 2659288 3676
438 2662964 4716
439 2667680 3213
440 2670893 3007
441 2673900 21985
442 2695885 4679
443 2700564 17063
444 2717627 4548
445 2722175 2775
446 2724950 4754
447 2729704 17667
448 2747371 5111
449 2752482 2605
450 2755087 13536
451 2768623 10301
452 2778924 5762
453 2784686 6083
454 2790769 3521
455 2794290 4763
456 2799053 9516
457 2808569 6118
458 2814687 5691
459 2820378 7619
460 2827997 7354
461 2835351 7168
462 2842519 5714
463 2848233 30034
464 2878267 3804
465 2882071 4440
466 2886511 6028
467 2892539 3168
468 2895707 8146
469 2903853 2438
470 2906291 2837
471 2909128 3532
472 2912660 4905
473 2917565 3557
474 2921122 3172
475 2924294 4322
476 2928616 3452
477 2932068 21786
478 2953854 6223
479 2960077 7933
480 2968010 4680
481 2972690 5168
482 2977858 2449
483 2980307 6726
484 2987033 3393
485 2990426 3001
486 2993427 2740
487 2996167 3597
488 2999764 14391
489 3014155 4735
490 3018890 5176
491 3024066 2343
492 3026409 5022
493 3031431 6157
494 3037588 2802
495 3040390 2948
496 3043338 5159
497 3048497 4104
498 3052601 9663
499 3062264 8042
500 3070306 4680
501 3074986 5809
502 3080795 3522
503 3084317 16493
504 3100810 5499
505 3106309 6553
506 3112862 4886
507 3117748 2781
508 3120529 3212
509 3123741 2536
510 3126277 3383
511 3129660 3000
512 3132660 13535
513 3146195 5238
514 3151433 5347
515 3156780 7837
516 3164617 2544
517 3167161 6755
518 3173916 12903
519 3186819 6409
520 3193228 5781
521 3199009 2735
522 3201744 7924
523 3209668 2772
524 3212440 3686
525 3216126 2997
526 3219123 3256
527 3222379 18049
528 3240428 4597
529 3245025 5765
530 3250790 2868
531 3253658 2854
532 3256512 6985
533 3263497 7735
534 3271232 5175
535 3276407 4158
536 3280565 2374
537 3282939 4576
538 3287515 5014
539 3292529 3219
540 3295748 4904
541 3300652 5686
542 3306338 2682
543 3309020 22993
544 3332013 22766
545 3354779 4467
546 3359246 4211
547 3363457 4627
548 3368084 3278
549 3371362 2962
550 3374324 17541
551 3391865 5588
552 3397453 3842
553 3401295 2693
554 3403988 2099
555 3406087 3049
556 3409136 4036
557 3413172 15099
558 3428271 4316
559 3432587 13460
560 3446047 5126
561 3451173 3934
562 3455107 2633
563 3457740 5825
564 3463565 2459
565 3466024 2988
566 3469012 3583
567 3472595 15467
568 3488062 4227
569 3492289 5129
570 3497418 4068
571 3501486 2998
572 3504484 3297
573 3507781 5185
574 3512966 8783
575 3521749 7236
576 3528985 9947
577 3538932 4065
578 3542997 4295
579 3547292 4456
580 3551748 2768
581 3554516 8223
582 3562739 22111
583 3584850 10312
584 3595162 7562
585 3602724 5701
586 3608425 5708
587 3614133 6557
588 3620690 6435
589 3627125 6506
590 3633631 4068
591 3637699 4870
592 3642569 5269
593 3647838 5216
594 3653054 5551
595 3658605 5271
596 3663876 2986
597 3666862 2799
598 3669661 5200
599 3674861 22411
600 3697272 1946
601 3699218 3794
602 3703012 2462
603 3705474 2087
604 3707561 2557
605 3710118 3483
606 3713601 2509
607 3716110 2564
608 3718674 20313
609 3738987 8444
610 3747431 4417
611 3751848 4521
612 3756369 4190
613 3760559 1580
614 3762139 4532
615 3766671 1410
616 3768081 1228
617 3769309 1526
618 3770835 7474
619 3778309 2226
620 3780535 18073
621 3798608 8926
622 3807534 5723
623 3813257 4071
624 3817328 3608
625 3820936 2100
626 3823036 16420
627 3839456 4507
628 3843963 1200
629 3845163 1974
630 3847137 1400
631 3848537 8223
632 3856760 5219
633 3861979 6891
634 3868870 1976
635 3870846 8252
636 3879098 7609
637 3886707 8553
638 3895260 5025
639 3900285 6792
640 3907077 15139
641 3922216 7589
642 3929805 5129
643 3934934 1417
644 3936351 1618
645 3937969 2200
646 3940169 1394
647 3941563 865
648 3942428 6419
649 3948847 2180
650 3951027 8345
651 3959372 4271
652 3963643 1924
653 3965567 5285
654 3970852 5517
655 3976369 9164
656 3985533 4740
657 3990273 9573
658 3999846 3820
659 4003666 1121
660 4004787 1473
661 4006260 1406
662 4007666 9127
663 4016793 344
664 4017137 1776
665 4018913 816
666 4019729 1503
667 4021232 12601
668 4033833 8081
669 4041914 4126
670 4046040 5048
671 4051088 4511
672 4055599 8988
673 4064587 2265
674 4066852 5412
675 4072264 2973
676 4075237 3158
677 4078395 1729
678 4080124 8139
679 4088263 3737
680 4092000 14219
681 4106219 3330
682 4109549 3924
683 4113473 4360
684 4117833 11640
685 4129473 977
686 4130450 8051
687 4138501 6313
688 4144814 829
689 4145643 5729
690 4151372 15747
691 4167119 963
692 4168082 6112
693 4174194 724
694 4174918 5308
695 4180226 8109
696 4188335 1488
697 4189823 4410
698 4194233 748
699 4194981 8960
700 4203941 1407
701 4205348 1068
702 4206416 1124
703 4207540 6728
704 4214268 2199
705 4216467 1970
706 4218437 6728
707 4225165 6245
708 4231410 3666
709 4235076 669
710 4235745 1875
711 4237620 3119
712 4240739 1296
713 4242035 2339
714 4244374 1151
715 4245525 3518
716 4249043 4150
717 4253193 4366
718 4257559 6326
719 4263885 3793
720 4267678 750
721 4268428 4315
722 4272743 4119
723 4276862 575
724 4277437 1037
725 4278474 1622
726 4280096 3693
727 4283789 3627
728 4287416 4842
729 4292258 2736
730 4294994 2117
731 4297111 3169
732 4300280 840
733 4301120 7220
734 4308340 985
735 4309325 3186
736 4312511 2423
737 4314934 2712
738 4317646 3444
739 4321090 2588
740 4323678 4109
741 4327787 2080
742 4329867 1900
743 4331767 4474
744 4336241 1461
745 4337702 4463
746 4342165 3920
747 4346085 5719
748 4351804 6703
749 4358507 4569
750 4363076 1839
751 4364915 1308
752 4366223 2887
753 4369110 6482
754 4375592 2577
755 4378169 3486
756 4381655 2751
757 4384406 2315
758 4386721 10538
759 4397259 802
760 4398061 9154
761 4407215 6852
762 4414067 2243
763 4416310 2559
764 4418869 2429
765 4421298 2408
766 4423706 1385
767 4425091 1174
768 4426265 2984
769 4429249 10210
770 4439459 1315
771 4440774 4007
772 4444781 1163
773 4445944 495
774 4446439 10834
775 4457273 1874
776 4459147 3402
777 4462549 3381
778 4465930 3621
779 4469551 9731
780 4479282 2223
781 4481505 1150
782 4482655 819
783 4483474 1093
784 4484567 1871
785 4486438 8560
786 4494998 3494
787 4498492 6384
788 4504876 4853
789 4509729 5649
790 4515378 1745
791 4517123 5399
792 4522522 1730
793 4524252 1749
794 4526001 6841
795 4532842 2823
796 4535665 1535
797 4537200 2105
798 4539305 2619
799 4541924 2616
800 4544540 3819
801 4548359 1513
802 4549872 3298
803 4553170 1237
804 4554407 1813
805 4556220 4590
806 4560810 1116
807 4561926 4257
808 4566183 1860
809 4568043 2182
810 4570225 246
811 4570471 4992
812 4575463 2666
813 4578129 2636
814 4580765 396
815 4581161 1562
816 4582723 1535
817 4584258 2224
818 4586482 1528
819 4588010 1116
820 4589126 2702
821 4591828 1050
822 4592878 364
823 4593242 4612
824 4597854 1319
825 4599173 928
826 4600101 3953
827 4604054 1375
828 4605429 3163
829 4608592 2658
830 4611250 571
831 4611821 1324
832 4613145 1273
833 4614418 2533
834 4616951 1232
835 4618183 8184
836 4626367 625
837 4626992 1370
838 4628362 7450
839 4635812 3903
840 4639715 3750
841 4643465 3502
842 4646967 7044
843 4654011 4957
844 4658968 1695
845 4660663 1629
846 4662292 2072
847 4664364 1377
848 4665741 541
849 4666282 1390
850 4667672 2332
851 4670004 4527
852 4674531 1573
853 4676104 11593
854 4687697 2088
855 4689785 851
856 4690636 953
857 4691589 1094
858 4692683 1859
859 4694542 750
860 4695292 11606
861 4706898 1817
862 4708715 2999
863 4711714 3780
864 4715494 984
865 4716478 2244
866 4718722 1263
867 4719985 4797
868 4724782 345
869 4725127 7090
870 4732217 1077
871 4733294 1816
872 4735110 2601
873 4737711 1519
874 4739230 1280
875 4740510 6714
876 4747224 3574
877 4750798 1041
878 4751839 3569
879 4755408 1687
880 4757095 3030
881 4760125 1354
882 4761479 543
883 4762022 810
884 4762832 4871
885 4767703 1268
886 4768971 6481
887 4775452 2726
888 4778178 478
889 4778656 4277
890 4782933 555
891 4783488 1521
892 4785009 2160
893 4787169 2830
894 4789999 3210
895 4793209 1410
896 4794619 1568
897 4796187 1170
898 4797357 1485
899 4798842 2384
900 4801226 625
901 4801851 2006
902 4803857 3171
903 4807028 2488
904 4809516 7824
905 4817340 2701
906 4820041 2052
907 4822093 6255
908 4828348 4283
909 4832631 4403
910 4837034 3872
911 4840906 6925
912 4847831 3642
913 4851473 3322
914 4854795 4662
915 4859457 5304
916 4864761 4481
917 4869242 3457
918 4872699 4159
919 4876858 1177
920 4878035 7985
921 4886020 4609
922 4890629 4427
923 4895056 4412
924 4899468 4124
925 4903592 5602
926 4909194 7836
927 4917030 2384
928 4919414 2165
929 4921579 2988
930 4924567 2982
931 4927549 4652
932 4932201 5467
933 4937668 3206
934 4940874 4126
935 4945000 5498
936 4950498 4720
937 4955218 5156
938 4960374 2528
939 4962902 2766
940 4965668 3006
941 4968674 8300
942 4976974 1266
943 4978240 808
944 4979048 241
945 4979289 4186
946 4983475 3382
947 4986857 1582
948 4988439 9987
949 4998426 3106
950 5001532 8793
951 5010325 4001
952 5014326 5283
953 5019609 4970
954 5024579 8622
955 5033201 4835
956 5038036 3958
957 5041994 559
958 5042553 4724
959 5047277 4432
960 5051709 3852
961 5055561 5863
962 5061424 7255
963 5068679 6507
964 5075186 2611
965 5077797 3398
966 5081195 1005
967 5082200 22949
968 5105149 18619
969 5123768 2621
970 5126389 8515
971 5134904 1684
972 5136588 2432
973 5139020 7174
974 5146194 3377
975 5149571 11052
976 5160623 2913
977 5163536 3549
978 5167085 3260
979 5170345 4874
980 5175219 7303
981 5182522 6941
982 5189463 6230
983 5195693 1112
984 5196805 2823
985 5199628 3484
986 5203112 1084
987 5204196 2475
988 5206671 1591
989 5208262 6382
990 5214644 13663
991 5228307 2135
992 5230442 12991
993 5243433 6508
994 5249941 2916
995 5252857 5070
996 5257927 2001
997 5259928 9083
998 5269011 6602
999 5275613 2518
1000 5278131 6485
1001 5284616 822
1002 5285438 1136
1003 5286574 2979
1004 5289553 4451
1005 5294004 9719
1006 5303723 2231
1007 5305954 3206
1008 5309160 2141
1009 5311301 2322
1010 5313623 27083
1011 5340706 1935
1012 5342641 1815
1013 5344456 5415
1014 5349871 5505
1015 5355376 2542
1016 5357918 3453
1017 5361371 4817
1018 5366188 3768
1019 5369956 3421
1020 5373377 15529
1021 5388906 4185
1022 5393091 3638
1023 5396729 10198
1024 5406927 1723
1025 5408650 1544
1026 5410194 5909
1027 5416103 11001
1028 5427104 5295
1029 5432399 3897
1030 5436296 2240
1031 5438536 1351
1032 5439887 709
1033 5440596 1575
1034 5442171 4694
1035 5446865 2780
1036 5449645 1996
1037 5451641 8836
1038 5460477 6316
1039 5466793 5236
1040 5472029 2017
1041 5474046 6519
1042 5480565 3013
1043 5483578 2983
1044 5486561 7555
1045 5494116 1741
1046 5495857 2161
1047 5498018 2636
1048 5500654 1743
1049 5502397 1645
1050 5504042 10962
1051 5515004 7659
1052 5522663 3425
1053 5526088 3082
1054 5529170 1944
1055 5531114 5619
1056 5536733 8230
1057 5544963 3252
1058 5548215 622
1059 5548837 3701
1060 5552538 5168
1061 5557706 6954
1062 5564660 966
1063 5565626 2408
1064 5568034 4413
1065 5572447 3597
1066 5576044 2950
1067 5578994 5671
1068 5584665 5133
1069 5589798 7399
1070 5597197 1169
1071 5598366 3984
1072 5602350 1392
1073 5603742 7392
1074 5611134 3338
1075 5614472 4427
1076 5618899 4921
1077 5623820 2390
1078 5626210 6124
1079 5632334 2324
1080 5634658 1753
1081 5636411 15357
1082 5651768 9342
1083 5661110 5438
1084 5666548 1416
1085 5667964 5741
1086 5673705 1438
1087 5675143 6609
1088 5681752 4678
1089 5686430 4654
1090 5691084 9813
1091 5700897 1776
1092 5702673 3522
1093 5706195 15751
1094 5721946 9642
1095 5731588 3954
1096 5735542 7941
1097 5743483 13824
1098 5757307 3842
1099 5761149 14136
1100 5775285 5444
1101 5780729 1629
1102 5782358 3117
1103 5785475 1218
1104 5786693 623
1105 5787316 1609
1106 5788925 1680
1107 5790605 1606
1108 5792211 8860
1109 5801071 7823
1110 5808894 4475
1111 5813369 2966
1112 5816335 649
1113 5816984 7731
1114 5824715 4089
1115 5828804 12596
1116 5841400 4970
1117 5846370 2569
1118 5848939 3945
1119 5852884 16249
1120 5869133 6355
1121 5875488 2666
1122 5878154 345
1123 5878499 2395
1124 5880894 3902
1125 5884796 2864
1126 5887660 13607
1127 5901267 7978
1128 5909245 1955
1129 5911200 2826
1130 5914026 1977
1131 5916003 1895
1132 5917898 3517
1133 5921415 2262
1134 5923677 3104
1135 5926781 2037
1136 5928818 1875
1137 5930693 2237
1138 5932930 2983
1139 5935913 2903
1140 5938816 1976
1141 5940792 2261
1142 5943053 2236
1143 5945289 1874
1144 5947163 2036
1145 5949199 2650
1146 5951849 3367
1147 5955216 2214
1148 5957430 1957
1149 5959387 1820
1150 5961207 2132
1151 5963339 4548
1152 5967887 3944
1153 5971831 3846
1154 5975677 3053
1155 5978730 2498
1156 5981228 2613
1157 5983841 2378
1158 5986219 2419
1159 5988638 4548
1160 5993186 360
1161 5993546 5911
1162 5999457 3944
1163 6003401 3846
1164 6007247 10000
1165 6017247 2854
1166 6020101 1006
1167 6021107 4470
1168 6025577 7218
1169 6032795 345
1170 6033140 3245
1171 6036385 2718
1172 6039103 2425
1173 6041528 2644
1174 6044172 3615
1175 6047787 4400
1176 6052187 2657
1177 6054844 5038
1178 6059882 2796
1179 6062678 8274
1180 6070952 2799
1181 6073751 6334
1182 6080085 2493
1183 6082578 1266
1184 6083844 17887
1185 6101731 9920
1186 6111651 3007
1187 6114658 3290
1188 6117948 5934
1189 6123882 3529
1190 6127411 1988
1191 6129399 3126
1192 6132525 4541
1193 6137066 4422
1194 6141488 3766
1195 6145254 3038
1196 6148292 24622
1197 6172914 11379
1198 6184293 16371
1199 6200664 30774
1200 6231438 3832
1201 6235270 2035
1202 6237305 3155
1203 6240460 6358
1204 6246818 1022
1205 6247840 6679
1206 6254519 976
1207 6255495 1186
1208 6256681 827
1209 6257508 6351
1210 6263859 2883
1211 6266742 5117
1212 6271859 9108
1213 6280967 7393
1214 6288360 1870
1215 6290230 5529
1216 6295759 3639
1217 6299398 1548
1218 6300946 680
1219 6301626 3323
1220 6304949 9209
1221 6314158 2918
1222 6317076 2256
1223 6319332 5753
1224 6325085 1339
1225 6326424 4451
1226 6330875 731
1227 6331606 2592
1228 6334198 1577
1229 6335775 1174
1230 6336949 2556
1231 6339505 4400
1232 6343905 2965
1233 6346870 5470
1234 6352340 5904
1235 6358244 4503
1236 6362747 2800
1237 6365547 2106
1238 6367653 1108
1239 6368761 846
1240 6369607 2677
1241 6372284 5821
1242 6378105 986
1243 6379091 1846
1244 6380937 1773
1245 6382710 7511
1246 6390221 1245
1247 6391466 2265
1248 6393731 2470
1249 6396201 1432
1250 6397633 621
1251 6398254 5042
1252 6403296 6160
1253 6409456 11662
1254 6421118 1256
1255 6422374 2381
1256 6424755 1068
1257 6425823 1303
1258 6427126 2221
1259 6429347 2859
1260 6432206 5225
1261 6437431 2479
1262 6439910 3061
1263 6442971 20118
1264 6463089 2887
1265 6465976 1651
1266 6467627 2285
1267 6469912 1802
1268 6471714 1499
1269 6473213 7389
1270 6480602 4641
1271 6485243 12629
1272 6497872 2451
1273 6500323 1861
1274 6502184 1484
1275 6503668 3147
1276 6506815 1417
1277 6508232 3919
1278 6512151 1142
1279 6513293 1169
1280 6514462 1375
1281 6515837 2424
1282 6518261 1998
1283 6520259 2399
1284 6522658 3504
1285 6526162 238
1286 6526400 1009
1287 6527409 7358
1288 6534767 5248
1289 6540015 6608
1290 6546623 4472
1291 6551095 3737
1292 6554832 2788
1293 6557620 30961
1294 6588581 4000
1295 6592581 5325
1296 6597906 2883
1297 6600789 2003
1298 6602792 4781
1299 6607573 1264
1300 6608837 2600
1301 6611437 7436
1302 6618873 1329
1303 6620202 1107
1304 6621309 9109
1305 6630418 11298
1306 6641716 9283
1307 6650999 16038
1308 6667037 8785
1309 6675822 8477
1310 6684299 7412
1311 6691711 11323
1312 6703034 19536
1313 6722570 13586
1314 6736156 5514
1315 6741670 522
1316 6742192 862
1317 6743054 3226
1318 6746280 7372
1319 6753652 569
1320 6754221 1567
1321 6755788 3489
1322 6759277 2133
1323 6761410 9199
1324 6770609 8053
1325 6778662 8596
1326 6787258 4721
1327 6791979 2719
1328 6794698 4113
1329 6798811 5110
1330 6803921 7182
1331 6811103 3437
1332 6814540 2864
1333 6817404 709
1334 6818113 1082
1335 6819195 1670
1336 6820865 6708
1337 6827573 1378
1338 6828951 11481
1339 6840432 6378
1340 6846810 4469
1341 6851279 25836
1342 6877115 3780
1343 6880895 5173
1344 6886068 8436
1345 6894504 9803
1346 6904307 4663
1347 6908970 6403
1348 6915373 9629
1349 6925002 12877
1350 6937879 4722
1351 6942601 10990
1352 6953591 6304
1353 6959895 5141
1354 6965036 1787
1355 6966823 3846
1356 6970669 4797
1357 6975466 3740
1358 6979206 10748
1359 6989954 9946
1360 6999900 6880
1361 7006780 6141
1362 7012921 6619
1363 7019540 5837
1364 7025377 4130
1365 7029507 3939
1366 7033446 3535
1367 7036981 3874
1368 7040855 3364
1369 7044219 12308
1370 7056527 12875
1371 7069402 4261
1372 7073663 2893
1373 7076556 5604
1374 7082160 15950
1375 7098110 4325
1376 7102435 749
1377 7103184 1234
1378 7104418 4442
1379 7108860 4416
1380 7113276 2121
1381 7115397 13070
1382 7128467 6739
1383 7135206 8866
1384 7144072 7779
1385 7151851 10730
1386 7162581 246
1387 7162827 7037
1388 7169864 8980
1389 7178844 2374
1390 7181218 8196
1391 7189414 8328
1392 7197742 3929
1393 7201671 5789
1394 7207460 10300
1395 7217760 2579
1396 7220339 13776
1397 7234115 4719
1398 7238834 561
1399 7239395 1565
1400 7240960 3120
1401 7244080 217
1402 7244297 217
1403 7244514 238
1404 7244752 229
1405 7244981 202
1406 7245183 243
1407 7245426 242
1408 7245668 242
1409 7245910 241
1410 7246151 244
1411 7246395 235
1412 7246630 217
1413 7246847 200
1414 7247047 205
1415 7247252 227
1416 7247479 224
1417 7247703 246
1418 7247949 221
1419 7248170 202
1420 7248372 208
1421 7248580 223
1422 7248803 217
1423 7249020 237
1424 7249257 238
1425 7249495 242
1426 7249737 238
1427 7249975 202
1428 7250177 230
1429 7250407 244
1430 7250651 224
1431 7250875 242
1432 7251117 217
1433 7251334 236
1434 7251570 241
1435 7251811 238
1436 7252049 245
1437 7252294 221
1438 7252515 248
1439 7252763 240
1440 7253003 243
1441 7253246 244
1442 7253490 238
1443 7253728 236
1444 7253964 231
1445 7254195 223
1446 7254418 208
1447 7254626 243
1448 7254869 235
1449 7255104 211
1450 7255315 196
1451 7255511 3268
1452 7258779 3771
1453 7262550 4284
1454 7266834 3641
1455 7270475 14641
1456 7285116 3088
1457 7288204 4856
1458 7293060 4139
1459 7297199 2657
1460 7299856 2760
1461 7302616 3606
1462 7306222 3504
1463 7309726 19831
1464 7329557 4034
1465 7333591 1288
1466 7334879 4208
1467 7339087 3710
1468 7342797 5383
1469 7348180 4355
1470 7352535 3829
1471 7356364 4407
1472 7360771 3104
1473 7363875 1724
1474 7365599 4339
1475 7369938 3771
1476 7373709 3213
1477 7376922 4032
1478 7380954 4194
1479 7385148 3578
1480 7388726 3678
1481 7392404 3840
1482 7396244 4039
1483 7400283 3506
1484 7403789 4345
1485 7408134 10546
1486 7418680 3798
1487 7422478 4754
1488 7427232 3538
1489 7430770 4056
1490 7434826 4811
1491 7439637 4220
1492 7443857 3986
1493 7447843 3513
1494 7451356 2880
1495 7454236 3125
1496 7457361 3167
1497 7460528 4096
1498 7464624 3302
1499 7467926 19391
1500 7487317 4389
1501 7491706 3442
1502 7495148 1588
1503 7496736 3488
1504 7500224 3550
1505 7503774 19576
1506 7523350 4708
1507 7528058 1545
1508 7529603 3448
1509 7533051 4883
1510 7537934 4181
1511 7542115 3377
1512 7545492 1261
1513 7546753 3488
1514 7550241 5480
1515 7555721 3810
1516 7559531 5100
1517 7564631 3206
1518 7567837 3324
1519 7571161 3673
1520 7574834 3765
1521 7578599 3515
1522 7582114 2771
1523 7584885 3273
1524 7588158 3681
1525 7591839 3230
1526 7595069 3585
1527 7598654 18974
1528 7617628 4551
1529 7622179 3816
1530 7625995 3656
1531 7629651 1629
1532 7631280 4364
1533 7635644 1273
1534 7636917 967
1535 7637884 2995
1536 7640879 4106
1537 7644985 3584
1538 7648569 2883
1539 7651452 3563
1540 7655015 2647
1541 7657662 1144
1542 7658806 4257
1543 7663063 19849
1544 7682912 3862
1545 7686774 4857
1546 7691631 3364
1547 7694995 4850
1548 7699845 3350
1549 7703195 3310
1550 7706505 3682
1551 7710187 5168
1552 7715355 7861
1553 7723216 5355
1554 7728571 11044
1555 7739615 1869
1556 7741484 7304
1557 7748788 3725
1558 7752513 7963
1559 7760476 515
1560 7760991 5250
1561 7766241 2531
1562 7768772 3118
1563 7771890 3916
1564 7775806 786
1565 7776592 908
1566 7777500 5709
1567 7783209 1521
1568 7784730 2175
1569 7786905 2655
1570 7789560 3703
1571 7793263 3307
1572 7796570 2123
1573 7798693 4863
1574 7803556 10179
1575 7813735 624
1576 7814359 3201
1577 7817560 3490
1578 7821050 5351
1579 7826401 3800
1580 7830201 6285
1581 7836486 9893
1582 7846379 2112
1583 7848491 1668
1584 7850159 3160
1585 7853319 5617
1586 7858936 3705
1587 7862641 2019
1588 7864660 4431
1589 7869091 1401
1590 7870492 9490
1591 7879982 4613
1592 7884595 2618
1593 7887213 3612
1594 7890825 1840
1595 7892665 1520
1596 7894185 1542
1597 7895727 4753
1598 7900480 2928
1599 7903408 8596
1600 7912004 7812
1601 7919816 5343
1602 7925159 3078
1603 7928237 7161
1604 7935398 1231
1605 7936629 2838
1606 7939467 2625
1607 7942092 1985
1608 7944077 2354
1609 7946431 561
1610 7946992 5918
1611 7952910 554
1612 7953464 2110
1613 7955574 6662
1614 7962236 5917
1615 7968153 2555
1616 7970708 3109
1617 7973817 8976
1618 7982793 3651
1619 7986444 3928
1620 7990372 3075
1621 7993447 8991
1622 8002438 4075
1623 8006513 3428
1624 8009941 3673
1625 8013614 1502
1626 8015116 4517
1627 8019633 1057
1628 8020690 1811
1629 8022501 5631
1630 8028132 2130
1631 8030262 1831
1632 8032093 15889
1633 8047982 5968
1634 8053950 2289
1635 8056239 2653
1636 8058892 5438
1637 8064330 3957
1638 8068287 13806
1639 8082093 3861
1640 8085954 1884
1641 8087838 3674
1642 8091512 6629
1643 8098141 2996
1644 8101137 600
1645 8101737 4725
1646 8106462 4591
1647 8111053 2745
1648 8113798 4778
1649 8118576 2193
1650 8120769 775
1651 8121544 2849
1652 8124393 2738
1653 8127131 1282
1654 8128413 1138
1655 8129551 893
1656 8130444 1013
1657 8131457 1028
1658 8132485 2392
1659 8134877 1776
1660 8136653 1185
1661 8137838 935
1662 8138773 1166
1663 8139939 1390
1664 8141329 1031
1665 8142360 1982
1666 8144342 2658
1667 8147000 1308
1668 8148308 2775
1669 8151083 2851
1670 8153934 3032
1671 8156966 1095
1672 8158061 3660
1673 8161721 2578
1674 8164299 4329
1675 8168628 3365
1676 8171993 5916
1677 8177909 3334
1678 8181243 955
1679 8182198 2362
1680 8184560 4662
1681 8189222 2347
1682 8191569 829
1683 8192398 5840
1684 8198238 1269
1685 8199507 6050
1686 8205557 909
1687 8206466 1653
1688 8208119 908
1689 8209027 3309
1690 8212336 6452
1691 8218788 861
1692 8219649 3455
1693 8223104 4072
1694 8227176 1282
1695 8228458 1116
1696 8229574 1837
1697 8231411 1570
1698 8232981 2532
1699 8235513 2531
1700 8238044 1783
1701 8239827 1414
1702 8241241 2945
1703 8244186 2472
1704 8246658 1603
1705 8248261 1896
1706 8250157 1116
1707 8251273 986
1708 8252259 3399
1709 8255658 1993
1710 8257651 1964
1711 8259615 2259
1712 8261874 1989
1713 8263863 3159
1714 8267022 1829
1715 8268851 3232
1716 8272083 3836
1717 8275919 552
1718 8276471 1140
1719 8277611 845
1720 8278456 2603
1721 8281059 1092
1722 8282151 2315
1723 8284466 1897
1724 8286363 1459
1725 8287822 759
1726 8288581 1712
1727 8290293 2573
1728 8292866 1601
1729 8294467 2321
1730 8296788 2424
1731 8299212 2284
1732 8301496 1102
1733 8302598 2555
1734 8305153 1461
1735 8306614 4221
1736 8310835 2144
1737 8312979 1825
1738 8314804 2284
1739 8317088 4248
1740 8321336 572
1741 8321908 865
1742 8322773 2599
1743 8325372 4274
1744 8329646 3593
1745 8333239 939
1746 8334178 4115
1747 8338293 3549
1748 8341842 1256
1749 8343098 2430
1750 8345528 2689
1751 8348217 5351
1752 8353568 1345
1753 8354913 14637
1754 8369550 1137
1755 8370687 1358
1756 8372045 5276
1757 8377321 2543
1758 8379864 3130
1759 8382994 6915
1760 8389909 6247
1761 8396156 9245
1762 8405401 11738
1763 8417139 2114
1764 8419253 6543
1765 8425796 5858
1766 8431654 10071
1767 8441725 7749
1768 8449474 230
1769 8449704 266
1770 8449970 291
1771 8450261 218
1772 8450479 252
1773 8450731 230
1774 8450961 275
1775 8451236 6019
1776 8457255 1264
1777 8458519 4976
1778 8463495 10023
1779 8473518 5545
1780 8479063 3078
1781 8482141 2031
1782 8484172 1995
1783 8486167 2358
1784 8488525 1861
1785 8490386 1455
1786 8491841 1535
1787 8493376 1600
1788 8494976 1674
1789 8496650 3496
1790 8500146 2586
1791 8502732 15314
1792 8518046 3342
1793 8521388 8009
1794 8529397 3715
1795 8533112 3465
1796 8536577 6191
1797 8542768 2591
1798 8545359 3725
1799 8549084 2796
1800 8551880 9402
1801 8561282 1419
1802 8562701 216
1803 8562917 1967
1804 8564884 5012
1805 8569896 1437
1806 8571333 1733
1807 8573066 1871
1808 8574937 2911
1809 8577848 8204
1810 8586052 7555
1811 8593607 3526
1812 8597133 9786
1813 8606919 1680
1814 8608599 987
1815 8609586 1690
1816 8611276 4168
1817 8615444 3797
1818 8619241 1060
1819 8620301 15128
1820 8635429 4168
1821 8639597 6545
1822 8646142 3522
1823 8649664 3533
1824 8653197 1251
1825 8654448 4828
1826 8659276 797
1827 8660073 534
1828 8660607 7826
1829 8668433 2894
1830 8671327 3664
1831 8674991 2770
1832 8677761 1248
1833 8679009 1028
1834 8680037 2180
1835 8682217 275
1836 8682492 230
1837 8682722 285
1838 8683007 11898
1839 8694905 5392
1840 8700297 5935
1841 8706232 1801
1842 8708033 1085
1843 8709118 22706
1844 8731824 1542
1845 8733366 6656
1846 8740022 6449
1847 8746471 9613
1848 8756084 1665
1849 8757749 3811
1850 8761560 2135
1851 8763695 8536
1852 8772231 4255
1853 8776486 3256
1854 8779742 12888
1855 8792630 4605
1856 8797235 2402
1857 8799637 2458
1858 8802095 690
1859 8802785 1407
1860 8804192 10113
1861 8814305 21792
1862 8836097 902
1863 8836999 3544
1864 8840543 3865
1865 8844408 1453
1866 8845861 1098
1867 8846959 5790
1868 8852749 1243
1869 8853992 941
1870 8854933 10851
1871 8865784 1386
1872 8867170 17756
1873 8884926 9504
1874 8894430 2874
1875 8897304 4001
1876 8901305 1386
1877 8902691 4629
1878 8907320 5986
1879 8913306 1090
1880 8914396 908
1881 8915304 2332
1882 8917636 8196
1883 8925832 3285
1884 8929117 1872
1885 8930989 560
1886 8931549 1578
1887 8933127 2306
1888 8935433 3838
1889 8939271 5964
1890 8945235 1360
1891 8946595 3198
1892 8949793 1270
1893 8951063 1344
1894 8952407 1134
1895 8953541 5566
1896 8959107 960
1897 8960067 4394
1898 8964461 373
1899 8964834 8905
1900 8973739 3620
1901 8977359 1636
1902 8978995 1368
1903 8980363 6425
1904 8986788 4102
1905 8990890 1280
1906 8992170 2973
1907 8995143 2686
1908 8997829 1809
1909 8999638 4140
1910 9003778 12846
1911 9016624 1504
1912 9018128 4059
1913 9022187 3609
1914 9025796 1394
1915 9027190 1117
1916 9028307 3988
1917 9032295 6902
1918 9039197 12968
1919 9052165 1613
1920 9053778 1547
1921 9055325 1482
1922 9056807 2460
1923 9059267 2187
1924 9061454 1776
1925 9063230 1793
1926 9065023 1184
1927 9066207 1665
1928 9067872 834
1929 9068706 7050
1930 9075756 8157
1931 9083913 1506
1932 9085419 1112
1933 9086531 4696
1934 9091227 2451
1935 9093678 1194
1936 9094872 6463
1937 9101335 1799
1938 9103134 7580
1939 9110714 2194
1940 9112908 6417
1941 9119325 4020
1942 9123345 1420
1943 9124765 8360
1944 9133125 6921
1945 9140046 9556
1946 9149602 3669
1947 9153271 2252
1948 9155523 3418
1949 9158941 4755
1950 9163696 1708
1951 9165404 454
1952 9165858 464
1953 9166322 480
1954 9166802 524
1955 9167326 494
1956 9167820 502
1957 9168322 526
1958 9168848 562
1959 9169410 510
1960 9169920 540
1961 9170460 516
1962 9170976 508
1963 9171484 524
1964 9172008 492
1965 9172500 560
1966 9173060 3721
1967 9176781 2040
1968 9178821 3256
1969 9182077 2901
1970 9184978 7617
1971 9192595 450
1972 9193045 552
1973 9193597 11300
1974 9204897 4531
1975 9209428 3716
1976 9213144 9066
1977 9222210 3447
1978 9225657 2091
1979 9227748 2041
1980 9229789 7171
1981 9236960 6504
1982 9243464 3730
1983 9247194 2286
1984 9249480 15009
1985 9264489 6454
1986 9270943 1368
1987 9272311 2015
1988 9274326 2977
1989 9277303 2624
1990 9279927 2176
1991 9282103 1628
1992 9283731 780
1993 9284511 1430
1994 9285941 774
1995 9286715 426
1996 9287141 4027
1997 9291168 3964
1998 9295132 3102
1999 9298234 4204
2000 9302438 7647
2001 9310085 5477
2002 9315562 1395
2003 9316957 5366
2004 9322323 1212
2005 9323535 968
2006 9324503 1898
2007 9326401 2459
2008 9328860 5536
2009 9334396 2550
2010 9336946 8140
2011 9345086 2510
2012 9347596 955
2013 9348551 886
2014 9349437 1682
2015 9351119 2278
2016 9353397 7326
2017 9360723 1680
2018 9362403 4808
2019 9367211 2496
2020 9369707 3677
2021 9373384 2732
2022 9376116 7008
2023 9383124 2343
2024 9385467 3062
2025 9388529 4644
2026 9393173 2562
2027 9395735 2924
2028 9398659 1945
2029 9400604 1314
2030 9401918 4777
2031 9406695 1674
2032 9408369 1043
2033 9409412 1642
2034 9411054 1840
2035 9412894 4649
2036 9417543 1713
2037 9419256 2725
2038 9421981 9389
2039 9431370 1917
2040 9433287 2674
2041 9435961 9130
2042 9445091 3591
2043 9448682 6198
2044 9454880 3409
2045 9458289 2996
2046 9461285 7922
2047 9469207 1774
2048 9470981 2241
2049 9473222 1687
2050 9474909 1003
2051 9475912 2428
2052 9478340 1719
2053 9480059 1821
2054 9481880 15119
2055 9496999 7427
2056 9504426 3183
2057 9507609 1715
2058 9509324 1451
2059 9510775 7728
2060 9518503 2032
2061 9520535 2154
2062 9522689 1824
2063 9524513 1726
2064 9526239 2117
2065 9528356 1197
2066 9529553 2731
2067 9532284 763
2068 9533047 5988
2069 9539035 3364
2070 9542399 8981
2071 9551380 4053
2072 9555433 2079
2073 9557512 3460
2074 9560972 7626
2075 9568598 2670
2076 9571268 2767
2077 9574035 9698
2078 9583733 19375
2079 9603108 3146
2080 9606254 2783
2081 9609037 5406
2082 9614443 2291
2083 9616734 4297
2084 9621031 6626
2085 9627657 1000
2086 9628657 4919
2087 9633576 8318
2088 9641894 5385
2089 9647279 6716
2090 9653995 960
2091 9654955 3825
2092 9658780 2989
2093 9661769 3624
2094 9665393 2580
2095 9667973 3740
2096 9671713 4726
2097 9676439 9670
2098 9686109 9677
2099 9695786 11569
2100 9707355 2193
2101 9709548 4836
2102 9714384 3058
2103 9717442 1688
2104 9719130 5826
2105 9724956 2071
2106 9727027 1963
2107 9728990 8432
2108 9737422 8835
2109 9746257 2798
2110 9749055 4533
2111 9753588 3188
2112 9756776 1984
2113 9758760 10689
2114 9769449 6322
2115 9775771 4923
2116 9780694 5346
2117 9786040 1360
2118 9787400 1896
2119 9789296 3645
2120 9792941 236
2121 9793177 3744
2122 9796921 2573
2123 9799494 7728
2124 9807222 7045
2125 9814267 6528
2126 9820795 8842
2127 9829637 3193
2128 9832830 2853
2129 9835683 1886
2130 9837569 7103
2131 9844672 3454
2132 9848126 2693
2133 9850819 1205
2134 9852024 11679
2135 9863703 10883
2136 9874586 9944
2137 9884530 6979
2138 9891509 8979
2139 9900488 2335
2140 9902823 562
2141 9903385 2817
2142 9906202 665
2143 9906867 6415
2144 9913282 4342
2145 9917624 2364
2146 9919988 9235
2147 9929223 6563
2148 9935786 1604
2149 9937390 7456
2150 9944846 2775
2151 9947621 7726
2152 9955347 4517
2153 9959864 2982
2154 9962846 6352
2155 9969198 9296
2156 9978494 3016
2157 9981510 4428
2158 9985938 3940
2159 9989878 1758
2160 9991636 6560
2161 9998196 5517
2162 10003713 5276
2163 10008989 8072
2164 10017061 1880
2165 10018941 2862
2166 10021803 6395
2167 10028198 3623
2168 10031821 6900
2169 10038721 10222
2170 10048943 2218
2171 10051161 3715
2172 10054876 2376
2173 10057252 3748
2174 10061000 2987
2175 10063987 3814
2176 10067801 1662
2177 10069463 10179
2178 10079642 2184
2179 10081826 5027
2180 10086853 2460
2181 10089313 1554
2182 10090867 7998
2183 10098865 6835
2184 10105700 4493
2185 10110193 9658
2186 10119851 6453
2187 10126304 5778
2188 10132082 2918
2189 10135000 5723
2190 10140723 10491
2191 10151214 4356
2192 10155570 6206
2193 10161776 4680
2194 10166456 2317
2195 10168773 3472
2196 10172245 8947
2197 10181192 1848
2198 10183040 5783
2199 10188823 4090
2200 10192913 4095
2201 10197008 2653
2202 10199661 409
2203 10200070 1898
2204 10201968 7445
2205 10209413 4491
2206 10213904 2471
2207 10216375 1785
2208 10218160 3129
2209 10221289 3568
2210 10224857 2834
2211 10227691 5281
2212 10232972 1218
2213 10234190 1204
2214 10235394 3156
2215 10238550 7663
2216 10246213 7696
2217 10253909 1231
2218 10255140 6078
2219 10261218 1734
2220 10262952 2371
2221 10265323 4880
2222 10270203 1765
2223 10271968 3399
2224 10275367 1969
2225 10277336 1213
2226 10278549 2683
2227 10281232 712
2228 10281944 2842
2229 10284786 5252
2230 10290038 228
2231 10290266 1698
2232 10291964 2876
2233 10294840 4204
2234 10299044 1293
2235 10300337 1153
2236 10301490 1660
2237 10303150 1224
2238 10304374 1704
2239 10306078 866
2240 10306944 907
2241 10307851 3869
2242 10311720 872
2243 10312592 3156
2244 10315748 7887
2245 10323635 2589
2246 10326224 1548
2247 10327772 3203
2248 10330975 1200
2249 10332175 2741
2250 10334916 2393
2251 10337309 1388
2252 10338697 1071
2253 10339768 3714
2254 10343482 3114
2255 10346596 1506
2256 10348102 8395
2257 10356497 1505
2258 10358002 2098
2259 10360100 998
2260 10361098 1708
2261 10362806 1667
2262 10364473 956
2263 10365429 2469
2264 10367898 9688
2265 10377586 4001
2266 10381587 1652
2267 10383239 249
2268 10383488 2849
2269 10386337 976
2270 10387313 1153
2271 10388466 15606
2272 10404072 6461
2273 10410533 13992
2274 10424525 765
2275 10425290 2798
2276 10428088 2080
2277 10430168 2637
2278 10432805 2813
2279 10435618 1806
2280 10437424 20092
2281 10457516 9067
2282 10466583 3600
2283 10470183 3582
2284 10473765 3423
2285 10477188 2131
2286 10479319 3390
2287 10482709 458
2288 10483167 2575
2289 10485742 2937
2290 10488679 13958
2291 10502637 1835
2292 10504472 4136
2293 10508608 2788
2294 10511396 2997
2295 10514393 957
2296 10515350 716
2297 10516066 20178
2298 10536244 3874
2299 10540118 258
2300 10540376 28664
2301 10569040 4242
2302 10573282 7429
2303 10580711 9359
2304 10590070 30340
2305 10620410 19711
2306 10640121 978
2307 10641099 644
2308 10641743 2352
2309 10644095 1642
2310 10645737 4993
2311 10650730 3343
2312 10654073 4076
2313 10658149 2528
2314 10660677 4619
2315 10665296 1172
2316 10666468 2031
2317 10668499 697
2318 10669196 449
2319 10669645 9947
2320 10679592 2328
2321 10681920 881
2322 10682801 30480
2323 10713281 3570
2324 10716851 959
2325 10717810 2613
2326 10720423 3151
2327 10723574 358
2328 10723932 7242
2329 10731174 19059
2330 10750233 5730
2331 10755963 1330
2332 10757293 2207
2333 10759500 2375
2334 10761875 2636
2335 10764511 2578
2336 10767089 1272
2337 10768361 9027
2338 10777388 3675
2339 10781063 2173
2340 10783236 2386
2341 10785622 22123
2342 10807745 880
2343 10808625 423
2344 10809048 1179
2345 10810227 3872
2346 10814099 1163
2347 10815262 3566
2348 10818828 3278
2349 10822106 1605
2350 10823711 1374
2351 10825085 2044
2352 10827129 2185
2353 10829314 1311
2354 10830625 1341
2355 10831966 3923
2356 10835889 580
2357 10836469 6498
2358 10842967 2602
2359 10845569 3700
2360 10849269 848
2361 10850117 1299
2362 10851416 2445
2363 10853861 717
2364 10854578 816
2365 10855394 5045
2366 10860439 2715
2367 10863154 2783
2368 10865937 1955
2369 10867892 2474
2370 10870366 7200
2371 10877566 1592
2372 10879158 1183
2373 10880341 1183
2374 10881524 1175
2375 10882699 1183
2376 10883882 1183
2377 10885065 1183
2378 10886248 1183
2379 10887431 1183
2380 10888614 1183
2381 10889797 826
2382 10890623 1158
2383 10891781 8118
2384 10899899 5584
2385 10905483 1358
2386 10906841 2042
2387 10908883 4793
2388 10913676 6823
2389 10920499 8224
2390 10928723 3954
2391 10932677 5528
2392 10938205 1282
2393 10939487 8894
2394 10948381 6054
2395 10954435 2098
2396 10956533 4493
2397 10961026 1980
2398 10963006 9342
2399 10972348 2438
2400 10974786 1306
2401 10976092 2959
2402 10979051 2193
2403 10981244 3050
2404 10984294 976
2405 10985270 3806
2406 10989076 2632
2407 10991708 1550
2408 10993258 3445
2409 10996703 1692
2410 10998395 6410
2411 11004805 2504
2412 11007309 2191
2413 11009500 5110
2414 11014610 8606
2415 11023216 5228
2416 11028444 1126
2417 11029570 1338
2418 11030908 1501
2419 11032409 2504
2420 11034913 2400
2421 11037313 1858
2422 11039171 3541
2423 11042712 2458
2424 11045170 3965
2425 11049135 3793
2426 11052928 475
2427 11053403 13425
2428 11066828 9642
2429 11076470 2500
2430 11078970 2122
2431 11081092 2470
2432 11083562 2694
2433 11086256 6421
2434 11092677 8036
2435 11100713 5268
2436 11105981 5986
2437 11111967 4598
2438 11116565 2534
2439 11119099 2522
2440 11121621 7453
2441 11129074 8550
2442 11137624 5444
2443 11143068 682
2444 11143750 2833
2445 11146583 3284
2446 11149867 1173
2447 11151040 1816
2448 11152856 1959
2449 11154815 675
2450 11155490 516
2451 11156006 639
2452 11156645 2611
2453 11159256 2553
2454 11161809 1956
2455 11163765 5808
2456 11169573 2071
2457 11171644 3859
2458 11175503 8172
2459 11183675 4226
2460 11187901 2422
2461 11190323 1612
2462 11191935 3047
2463 11194982 1814
2464 11196796 8345
2465 11205141 1734
2466 11206875 5704
2467 11212579 2588
2468 11215167 8618
2469 11223785 7441
2470 11231226 2455
2471 11233681 1499
2472 11235180 1679
2473 11236859 2712
2474 11239571 2620
2475 11242191 2291
2476 11244482 3102
2477 11247584 2108
2478 11249692 3026
2479 11252718 6994
2480 11259712 6400
2481 11266112 6932
2482 11273044 6811
2483 11279855 3983
2484 11283838 8164
2485 11292002 7825
2486 11299827 3155
2487 11302982 1838
2488 11304820 3022
2489 11307842 1654
2490 11309496 3064
2491 11312560 3475
2492 11316035 1899
2493 11317934 1566
2494 11319500 4810
2495 11324310 1783
2496 11326093 1557
2497 11327650 2503
2498 11330153 3654
2499 11333807 2102
2500 11335909 1497
2501 11337406 2850
2502 11340256 7856
2503 11348112 3371
2504 11351483 3664
2505 11355147 8913
2506 11364060 3772
2507 11367832 2863
2508 11370695 2240
2509 11372935 3606
2510 11376541 3533
2511 11380074 2109
2512 11382183 1638
2513 11383821 1832
2514 11385653 6398
2515 11392051 3237
2516 11395288 2273
2517 11397561 1898
2518 11399459 3460
2519 11402919 5542
2520 11408461 2043
2521 11410504 4188
2522 11414692 2752
2523 11417444 3795
2524 11421239 1784
2525 11423023 1575
2526 11424598 1584
2527 11426182 1656
2528 11427838 3686
2529 11431524 2771
2530 11434295 3998
2531 11438293 2417
2532 11440710 2431
2533 11443141 2625
2534 11445766 2408
2535 11448174 2570
2536 11450744 23289
2537 11474033 3250
2538 11477283 3652
2539 11480935 6354
2540 11487289 3123
2541 11490412 3331
2542 11493743 3444
2543 11497187 5271
2544 11502458 1646
2545 11504104 2623
2546 11506727 3453
2547 11510180 2484
2548 11512664 1112
2549 11513776 2395
2550 11516171 5115
2551 11521286 4259
2552 11525545 3050
2553 11528595 3809
2554 11532404 2671
2555 11535075 5452
2556 11540527 2559
2557 11543086 3821
2558 11546907 1131
2559 11548038 5346
2560 11553384 1474
2561 11554858 1246
2562 11556104 2076
2563 11558180 7475
2564 11565655 3361
2565 11569016 2569
2566 11571585 1988
2567 11573573 1594
2568 11575167 2593
2569 11577760 2040
2570 11579800 3785
2571 11583585 975
2572 11584560 1240
2573 11585800 1959
2574 11587759 1471
2575 11589230 3844
2576 11593074 5751
2577 11598825 2273
2578 11601098 2935
2579 11604033 1537
2580 11605570 5783
2581 11611353 2691
2582 11614044 1320
2583 11615364 1298
2584 11616662 1367
2585 11618029 7988
2586 11626017 1745
2587 11627762 2863
2588 11630625 1275
2589 11631900 1463
2590 11633363 5157
2591 11638520 3074
2592 11641594 1329
2593 11642923 2821
2594 11645744 1476
2595 11647220 962
2596 11648182 2808
2597 11650990 1527
2598 11652517 940
2599 11653457 3033
2600 11656490 1255
2601 11657745 8812
2602 11666557 2641
2603 11669198 1657
2604 11670855 2267
2605 11673122 2023
2606 11675145 6286
2607 11681431 2111
2608 11683542 1599
2609 11685141 3180
2610 11688321 4092
2611 11692413 2716
2612 11695129 2915
2613 11698044 1069
2614 11699113 1451
2615 11700564 5538
2616 11706102 1679
2617 11707781 3651
2618 11711432 2113
2619 11713545 5841
2620 11719386 6813
2621 11726199 1253
2622 11727452 1552
2623 11729004 389
2624 11729393 2231
2625 11731624 1774
2626 11733398 2978
2627 11736376 1252
2628 11737628 1992
2629 11739620 954
2630 11740574 1900
2631 11742474 2999
2632 11745473 6918
2633 11752391 2693
2634 11755084 1595
2635 11756679 1800
2636 11758479 1737
2637 11760216 992
2638 11761208 8991
2639 11770199 5642
2640 11775841 5700
2641 11781541 5517
2642 11787058 6774
2643 11793832 2105
2644 11795937 19488
2645 11815425 7712
2646 11823137 1851
2647 11824988 1269
2648 11826257 3067
2649 11829324 1889
2650 11831213 2724
2651 11833937 4206
2652 11838143 1444
2653 11839587 626
2654 11840213 6603
2655 11846816 2447
2656 11849263 1860
2657 11851123 3378
2658 11854501 1920
2659 11856421 13790
2660 11870211 573
2661 11870784 1671
2662 11872455 3062
2663 11875517 2399
2664 11877916 2863
2665 11880779 18405
2666 11899184 4358
2667 11903542 5502
2668 11909044 3058
2669 11912102 2790
2670 11914892 3783
2671 11918675 2165
2672 11920840 4049
2673 11924889 13180
2674 11938069 2556
2675 11940625 1960
2676 11942585 3664
2677 11946249 3907
2678 11950156 3917
2679 11954073 1938
2680 11956011 5480
2681 11961491 6918
2682 11968409 2550
2683 11970959 4624
2684 11975583 7018
2685 11982601 1545
2686 11984146 2526
2687 11986672 2715
2688 11989387 856
2689 11990243 5403
2690 11995646 311
2691 11995957 880
2692 11996837 3619
2693 12000456 5968
2694 12006424 1280
2695 12007704 1427
2696 12009131 3729
2697 12012860 4625
2698 12017485 2429
2699 12019914 2245
2700 12022159 3819
2701 12025978 4103
2702 12030081 971
2703 12031052 2980
2704 12034032 1182
2705 12035214 1826
2706 12037040 2045
2707 12039085 3169
2708 12042254 7186
2709 12049440 8655
2710 12058095 4009
2711 12062104 4040
2712 12066144 4670
2713 12070814 3946
2714 12074760 4673
2715 12079433 1200
2716 12080633 4259
2717 12084892 2751
2718 12087643 1759
2719 12089402 1121
2720 12090523 4083
2721 12094606 3919
2722 12098525 2933
2723 12101458 1333
2724 12102791 3209
2725 12106000 7734
2726 12113734 19117
2727 12132851 2240
2728 12135091 3828
2729 12138919 1690
2730 12140609 4296
2731 12144905 5164
2732 12150069 8897
2733 12158966 3187
2734 12162153 13420
2735 12175573 3788
2736 12179361 228
2737 12179589 6418
2738 12186007 8754
2739 12194761 5811
2740 12200572 2210
2741 12202782 5018
2742 12207800 1257
2743 12209057 3907
2744 12212964 6408
2745 12219372 1708
2746 12221080 3483
2747 12224563 2849
2748 12227412 6336
2749 12233748 5439
2750 12239187 1850
2751 12241037 6798
2752 12247835 3717
2753 12251552 10478
2754 12262030 7024
2755 12269054 4606
2756 12273660 3568
2757 12277228 6496
2758 12283724 9682
2759 12293406 1636
2760 12295042 2821
2761 12297863 2444
2762 12300307 4603
2763 12304910 8757
2764 12313667 1629
2765 12315296 4859
2766 12320155 796
2767 12320951 3264
2768 12324215 801
2769 12325016 6251
2770 12331267 6393
2771 12337660 5771
2772 12343431 10782
2773 12354213 3827
2774 12358040 1618
2775 12359658 2183
2776 12361841 9618
2777 12371459 4346
2778 12375805 6419
2779 12382224 3082
2780 12385306 6132
2781 12391438 6113
2782 12397551 1727
2783 12399278 6506
2784 12405784 3309
2785 12409093 6744
2786 12415837 9068
2787 12424905 1459
2788 12426364 2944
2789 12429308 1809
2790 12431117 3385
2791 12434502 6051
2792 12440553 6831
2793 12447384 6337
2794 12453721 6459
2795 12460180 9734
2796 12469914 9775
2797 12479689 1215
2798 12480904 748
2799 12481652 1181
2800 12482833 3831
2801 12486664 703
2802 12487367 5561
2803 12492928 1426
2804 12494354 2815
2805 12497169 2352
2806 12499521 5562
2807 12505083 12252
2808 12517335 2631
2809 12519966 26120
2810 12546086 3745
2811 12549831 4070
2812 12553901 12465
2813 12566366 4436
2814 12570802 3926
2815 12574728 14686
2816 12589414 12308
2817 12601722 3710
2818 12605432 1671
2819 12607103 9137
2820 12616240 1838
2821 12618078 747
2822 12618825 3266
2823 12622091 2891
2824 12624982 5854
2825 12630836 9653
2826 12640489 4078
2827 12644567 1169
2828 12645736 1820
2829 12647556 5535
2830 12653091 4632
2831 12657723 4578
2832 12662301 4429
2833 12666730 1893
2834 12668623 4405
2835 12673028 3710
2836 12676738 6199
2837 12682937 4226
2838 12687163 1140
2839 12688303 769
2840 12689072 8879
2841 12697951 3989
2842 12701940 7042
2843 12708982 1547
2844 12710529 2513
2845 12713042 1122
2846 12714164 1060
2847 12715224 1051
2848 12716275 5362
2849 12721637 11034
2850 12732671 782
2851 12733453 701
2852 12734154 4053
2853 12738207 10125
2854 12748332 1344
2855 12749676 3145
2856 12752821 887
2857 12753708 718
2858 12754426 662
2859 12755088 1023
2860 12756111 761
2861 12756872 1788
2862 12758660 12334
2863 12770994 4362
2864 12775356 11227
2865 12786583 3646
2866 12790229 3791
2867 12794020 1686
2868 12795706 2736
2869 12798442 2717
2870 12801159 549
2871 12801708 4185
2872 12805893 6107
2873 12812000 1773
2874 12813773 3628
2875 12817401 2490
2876 12819891 6058
2877 12825949 5815
2878 12831764 7801
2879 12839565 4974
2880 12844539 942
2881 12845481 1308
2882 12846789 2068
2883 12848857 4100
2884 12852957 3529
2885 12856486 641
2886 12857127 4094
2887 12861221 2945
2888 12864166 2888
2889 12867054 3540
2890 12870594 5647
2891 12876241 4682
2892 12880923 5129
2893 12886052 2742
2894 12888794 9203
2895 12897997 9441
2896 12907438 5583
2897 12913021 2058
2898 12915079 7390
2899 12922469 2029
2900 12924498 3523
2901 12928021 3769
2902 12931790 2643
2903 12934433 8401
2904 12942834 1343
2905 12944177 1919
2906 12946096 3123
2907 12949219 4595
2908 12953814 2060
2909 12955874 1236
2910 12957110 1256
2911 12958366 5324
2912 12963690 2818
2913 12966508 4051
2914 12970559 1173
2915 12971732 2059
2916 12973791 2181
2917 12975972 1374
2918 12977346 2929
2919 12980275 1621
2920 12981896 7356
2921 12989252 5333
2922 12994585 774
2923 12995359 569
2924 12995928 898
2925 12996826 709
2926 12997535 570
2927 12998105 608
2928 12998713 1378
2929 13000091 3561
2930 13003652 3776
2931 13007428 549
2932 13007977 2122
2933 13010099 1375
2934 13011474 3433
2935 13014907 6287
2936 13021194 3305
2937 13024499 5361
2938 13029860 3047
2939 13032907 3848
2940 13036755 3327
2941 13040082 3076
2942 13043158 2138
2943 13045296 1972
2944 13047268 3235
2945 13050503 3814
2946 13054317 248
2947 13054565 1979
2948 13056544 2209
2949 13058753 3846
2950 13062599 3837
2951 13066436 3659
2952 13070095 11189
2953 13081284 10112
2954 13091396 2088
2955 13093484 3861
2956 13097345 3485
2957 13100830 4255
2958 13105085 1554
2959 13106639 1495
2960 13108134 2390
2961 13110524 1987
2962 13112511 3139
2963 13115650 2798
2964 13118448 1956
2965 13120404 2425
2966 13122829 1336
2967 13124165 5558
2968 13129723 1281
2969 13131004 1997
2970 13133001 2705
2971 13135706 2461
2972 13138167 1257
2973 13139424 1180
2974 13140604 6861
2975 13147465 3210
2976 13150675 2637
2977 13153312 5285
2978 13158597 1958
2979 13160555 2613
2980 13163168 4818
2981 13167986 4771
2982 13172757 4530
2983 13177287 3131
2984 13180418 7738
2985 13188156 5856
2986 13194012 3572
2987 13197584 3387
2988 13200971 2409
2989 13203380 3538
2990 13206918 2218
2991 13209136 2083
2992 13211219 9232
2993 13220451 5453
2994 13225904 7569
2995 13233473 5485
2996 13238958 4903
2997 13243861 8311
2998 13252172 11996
2999 13264168 6376
3000 13270544 1477
3001 13272021 1902
3002 13273923 1020
3003 13274943 5344
3004 13280287 2997
3005 13283284 715
3006 13283999 4235
3007 13288234 860
3008 13289094 3193
3009 13292287 778
3010 13293065 965
3011 13294030 4273
3012 13298303 3715
3013 13302018 1320
3014 13303338 1852
3015 13305190 1193
3016 13306383 1681
3017 13308064 923
3018 13308987 2543
3019 13311530 4429
3020 13315959 4727
3021 13320686 1155
3022 13321841 2287
3023 13324128 1001
3024 13325129 2017
3025 13327146 938
3026 13328084 1238
3027 13329322 1528
3028 13330850 599
3029 13331449 4010
3030 13335459 1493
3031 13336952 4856
3032 13341808 2527
3033 13344335 2111
3034 13346446 2533
3035 13348979 2284
3036 13351263 3529
3037 13354792 1717
3038 13356509 1167
3039 13357676 2651
3040 13360327 2070
3041 13362397 1940
3042 13364337 4335
3043 13368672 14641
3044 13383313 2167
3045 13385480 6630
3046 13392110 13773
3047 13405883 9104
3048 13414987 3748
3049 13418735 4649
3050 13423384 3682
3051 13427066 5714
3052 13432780 1733
3053 13434513 9138
3054 13443651 4029
3055 13447680 1934
3056 13449614 9806
3057 13459420 6529
3058 13465949 2495
3059 13468444 4571
3060 13473015 7593
3061 13480608 2128
3062 13482736 3747
3063 13486483 4355
3064 13490838 1128
3065 13491966 2256
3066 13494222 9693
3067 13503915 2060
3068 13505975 1894
3069 13507869 2686
3070 13510555 3228
3071 13513783 9579
3072 13523362 3503
3073 13526865 8419
3074 13535284 2178
3075 13537462 1767
3076 13539229 1106
3077 13540335 1519
3078 13541854 1096
3079 13542950 1409
3080 13544359 5401
3081 13549760 5033
3082 13554793 2192
3083 13556985 1779
3084 13558764 4057
3085 13562821 2360
3086 13565181 2297
3087 13567478 7711
3088 13575189 1356
3089 13576545 1515
3090 13578060 4320
3091 13582380 1304
3092 13583684 1272
3093 13584956 1449
3094 13586405 1726
3095 13588131 5224
3096 13593355 2563
3097 13595918 1413
3098 13597331 3222
3099 13600553 10971
3100 13611524 3869
3101 13615393 9616
3102 13625009 3825
3103 13628834 1606
3104 13630440 2153
3105 13632593 7072
3106 13639665 1904
3107 13641569 7402
3108 13648971 3426
3109 13652397 1959
3110 13654356 12927
3111 13667283 5291
3112 13672574 4716
3113 13677290 1415
3114 13678705 2513
3115 13681218 2360
3116 13683578 2192
3117 13685770 3645
3118 13689415 1419
3119 13690834 11084
3120 13701918 1208
3121 13703126 710
3122 13703836 4798
3123 13708634 2079
3124 13710713 1333
3125 13712046 940
3126 13712986 7451
3127 13720437 3154
3128 13723591 1933
3129 13725524 2916
3130 13728440 1009
3131 13729449 1359
3132 13730808 1394
3133 13732202 566
3134 13732768 4010
3135 13736778 4659
3136 13741437 4996
3137 13746433 3283
3138 13749716 2249
3139 13751965 898
3140 13752863 824
3141 13753687 1283
3142 13754970 5723
3143 13760693 1629
3144 13762322 806
3145 13763128 1723
3146 13764851 13017
3147 13777868 592
3148 13778460 1880
3149 13780340 2510
3150 13782850 2361
3151 13785211 2726
3152 13787937 1688
3153 13789625 660
3154 13790285 2199
3155 13792484 2235
3156 13794719 2239
3157 13796958 2362
3158 13799320 2174
3159 13801494 520
3160 13802014 2467
3161 13804481 1272
3162 13805753 3140
3163 13808893 1598
3164 13810491 745
3165 13811236 1083
3166 13812319 5144
3167 13817463 9829
3168 13827292 1690
3169 13828982 779
3170 13829761 764
3171 13830525 2958
3172 13833483 1908
3173 13835391 2349
3174 13837740 3220
3175 13840960 2930
3176 13843890 2993
3177 13846883 3045
3178 13849928 2475
3179 13852403 2506
3180 13854909 2575
3181 13857484 891
3182 13858375 1633
3183 13860008 5867
3184 13865875 2615
3185 13868490 1325
3186 13869815 2082
3187 13871897 1617
3188 13873514 2935
3189 13876449 5840
3190 13882289 1232
3191 13883521 2859
3192 13886380 1881
3193 13888261 1274
3194 13889535 1158
3195 13890693 1815
3196 13892508 6029
3197 13898537 1839
3198 13900376 3477
3199 13903853 1632
3200 13905485 650
3201 13906135 2741
3202 13908876 936
3203 13909812 5798
3204 13915610 5248
3205 13920858 1650
3206 13922508 801
3207 13923309 830
3208 13924139 2522
3209 13926661 5837
3210 13932498 3776
3211 13936274 3752
3212 13940026 3710
3213 13943736 3805
3214 13947541 3859
3215 13951400 3887
3216 13955287 4091
3217 13959378 3908
3218 13963286 3833
3219 13967119 3857
3220 13970976 3875
3221 13974851 3794
3222 13978645 3833
3223 13982478 3851
3224 13986329 3847
3225 13990176 3894
3226 13994070 3733
3227 13997803 666
3228 13998469 5857
3229 14004326 722
3230 14005048 2842
3231 14007890 2905
3232 14010795 1130
3233 14011925 1313
3234 14013238 7618
3235 14020856 1522
3236 14022378 2334
3237 14024712 2134
3238 14026846 1495
3239 14028341 1021
3240 14029362 1740
3241 14031102 2660
3242 14033762 1947
3243 14035709 17078
3244 14052787 1584
3245 14054371 4885
3246 14059256 2146
3247 14061402 2857
3248 14064259 6317
3249 14070576 571
3250 14071147 4071
3251 14075218 2079
3252 14077297 1250
3253 14078547 4696
3254 14083243 891
3255 14084134 2155
3256 14086289 1933
3257 14088222 4220
3258 14092442 4733
3259 14097175 9275
3260 14106450 4168
3261 14110618 2744
3262 14113362 882
3263 14114244 847
3264 14115091 946
3265 14116037 1090
3266 14117127 3374
3267 14120501 3725
3268 14124226 6391
3269 14130617 1522
3270 14132139 2719
3271 14134858 2128
3272 14136986 3143
3273 14140129 1637
3274 14141766 8549
3275 14150315 3538
3276 14153853 3425
3277 14157278 1400
3278 14158678 7950
3279 14166628 8234
3280 14174862 8671
3281 14183533 5720
3282 14189253 7453
3283 14196706 7116
3284 14203822 5525
3285 14209347 1829
3286 14211176 6458
3287 14217634 9070
3288 14226704 3898
3289 14230602 4627
3290 14235229 2761
3291 14237990 2431
3292 14240421 3895
3293 14244316 4843
3294 14249159 4296
3295 14253455 3281
3296 14256736 7086
3297 14263822 8609
3298 14272431 8522
3299 14280953 2830
3300 14283783 679
3301 14284462 4223
3302 14288685 8169
3303 14296854 8370
3304 14305224 5441
3305 14310665 2446
3306 14313111 7631
3307 14320742 6675
3308 14327417 3495
3309 14330912 2932
3310 14333844 1092
3311 14334936 3086
3312 14338022 10633
3313 14348655 7596
3314 14356251 7649
3315 14363900 1073
3316 14364973 3001
3317 14367974 1826
3318 14369800 8060
3319 14377860 6974
3320 14384834 4094
3321 14388928 1064
3322 14389992 9612
3323 14399604 9663
3324 14409267 2738
3325 14412005 3826
3326 14415831 5723
3327 14421554 14815
3328 14436369 3077
3329 14439446 4488
3330 14443934 7924
3331 14451858 6531
3332 14458389 2539
3333 14460928 3898
3334 14464826 3833
3335 14468659 1891
3336 14470550 3418
3337 14473968 5110
3338 14479078 2272
3339 14481350 1138
3340 14482488 1395
3341 14483883 4027
3342 14487910 1022
3343 14488932 3518
3344 14492450 3332
3345 14495782 3707
3346 14499489 3308
3347 14502797 2496
3348 14505293 1018
3349 14506311 1293
3350 14507604 8098
3351 14515702 7044
3352 14522746 4515
3353 14527261 7329
3354 14534590 1027
3355 14535617 3361
3356 14538978 9102
3357 14548080 2179
3358 14550259 6327
3359 14556586 6318
3360 14562904 1174
3361 14564078 862
3362 14564940 6832
3363 14571772 3613
3364 14575385 2712
3365 14578097 1055
3366 14579152 3173
3367 14582325 5206
3368 14587531 5597
3369 14593128 4731
3370 14597859 5568
3371 14603427 1910
3372 14605337 3914
3373 14609251 6112
3374 14615363 2495
3375 14617858 4467
3376 14622325 1004
3377 14623329 821
3378 14624150 4205
3379 14628355 2702
3380 14631057 2991
3381 14634048 1285
3382 14635333 1978
3383 14637311 2351
3384 14639662 2769
3385 14642431 2337
3386 14644768 1324
3387 14646092 4732
3388 14650824 4613
3389 14655437 3610
3390 14659047 3163
3391 14662210 4137
3392 14666347 4536
3393 14670883 2806
3394 14673689 3854
3395 14677543 2341
3396 14679884 1772
3397 14681656 2330
3398 14683986 20531
3399 14704517 3343
3400 14707860 4115
3401 14711975 1950
3402 14713925 8765
3403 14722690 2709
3404 14725399 5348
3405 14730747 5380
3406 14736127 3720
3407 14739847 4201
3408 14744048 5963
3409 14750011 3060
3410 14753071 5493
3411 14758564 1769
3412 14760333 2652
3413 14762985 5063
3414 14768048 4820
3415 14772868 3343
3416 14776211 5451
3417 14781662 5522
3418 14787184 4309
3419 14791493 2569
3420 14794062 4443
3421 14798505 7431
3422 14805936 216
3423 14806152 4762
3424 14810914 201
3425 14811115 933
3426 14812048 824
3427 14812872 2265
3428 14815137 1810
3429 14816947 968
3430 14817915 1870
3431 14819785 12168
3432 14831953 4466
3433 14836419 1912
3434 14838331 6919
3435 14845250 10012
3436 14855262 1147
3437 14856409 9976
3438 14866385 3411
3439 14869796 1433
3440 14871229 3547
3441 14874776 5397
3442 14880173 4697
3443 14884870 5572
3444 14890442 3487
3445 14893929 1766
3446 14895695 812
3447 14896507 2610
3448 14899117 3971
3449 14903088 3559
3450 14906647 5200
3451 14911847 5287
3452 14917134 1345
3453 14918479 9404
3454 14927883 3319
3455 14931202 625
3456 14931827 1578
3457 14933405 3350
3458 14936755 1912
3459 14938667 3307
3460 14941974 5143
3461 14947117 2162
3462 14949279 5862
3463 14955141 2332
3464 14957473 4247
3465 14961720 4948
3466 14966668 507
3467 14967175 3198
3468 14970373 2146
3469 14972519 10229
3470 14982748 1162
3471 14983910 1378
3472 14985288 5217
3473 14990505 2568
3474 14993073 6690
3475 14999763 7861
3476 15007624 1453
3477 15009077 1807
3478 15010884 2281
3479 15013165 3449
3480 15016614 1993
3481 15018607 2137
3482 15020744 6084
3483 15026828 2111
3484 15028939 1492
3485 15030431 1142
3486 15031573 3213
3487 15034786 6350
3488 15041136 2019
3489 15043155 2427
3490 15045582 2644
3491 15048226 2648
3492 15050874 3638
3493 15054512 1448
3494 15055960 8531
3495 15064491 3945
3496 15068436 1515
3497 15069951 10481
3498 15080432 4135
3499 15084567 7238
3500 15091805 10071
3501 15101876 3395
3502 15105271 6531
3503 15111802 4408
3504 15116210 4697
3505 15120907 3029
3506 15123936 1356
3507 15125292 3109
3508 15128401 1992
3509 15130393 1705
3510 15132098 1751
3511 15133849 3389
3512 15137238 2100
3513 15139338 2165
3514 15141503 1019
3515 15142522 1929
3516 15144451 3993
3517 15148444 2234
3518 15150678 5434
3519 15156112 1780
3520 15157892 1932
3521 15159824 2580
3522 15162404 2230
3523 15164634 2415
3524 15167049 2222
3525 15169271 1829
3526 15171100 2419
3527 15173519 6054
3528 15179573 4990
3529 15184563 1664
3530 15186227 13711
3531 15199938 5408
3532 15205346 1012
3533 15206358 14541
3534 15220899 1890
3535 15222789 1641
3536 15224430 1131
3537 15225561 1553
3538 15227114 1800
3539 15228914 6114
3540 15235028 3024
3541 15238052 3114
3542 15241166 2422
3543 15243588 1990
3544 15245578 2886
3545 15248464 5439
3546 15253903 15428
3547 15269331 7275
3548 15276606 3391
3549 15279997 3270
3550 15283267 2576
3551 15285843 2996
3552 15288839 1378
3553 15290217 2333
3554 15292550 5309
3555 15297859 1647
3556 15299506 1332
3557 15300838 1740
3558 15302578 2026
3559 15304604 2100
3560 15306704 2639
3561 15309343 2064
3562 15311407 1531
3563 15312938 1525
3564 15314463 1430
3565 15315893 2526
3566 15318419 239
3567 15318658 201
3568 15318859 229
3569 15319088 201
3570 15319289 4574
3571 15323863 13124
3572 15336987 17299
3573 15354286 12664
3574 15366950 22948
3575 15389898 43955
3576 15433853 214
3577 15434067 16196
3578 15450263 28707
3579 15478970 12807
3580 15491777 255
3581 15492032 201
3582 15492233 4379
3583 15496612 195
3584 15496807 34069
3585 15530876 2858
3586 15533734 2736
3587 15536470 15514
3588 15551984 11407
3589 15563391 8278
3590 15571669 9888
3591 15581557 2930
3592 15584487 6532
3593 15591019 8814
3594 15599833 216
3595 15600049 14489
3596 15614538 13760
3597 15628298 28711
3598 15657009 204
3599 15657213 16239
3600 15673452 244
3601 15673696 14179
3602 15687875 245
3603 15688120 25523
3604 15713643 576
3605 15714219 216
3606 15714435 30572
3607 15745007 7376
3608 15752383 22436
3609 15774819 4661
3610 15779480 6039
3611 15785519 3923
3612 15789442 4770
3613 15794212 4546
3614 15798758 7043
3615 15805801 4283
3616 15810084 6005
3617 15816089 3902
3618 15819991 4979
3619 15824970 241
3620 15825211 3319
3621 15828530 16730
3622 15845260 4570
3623 15849830 13430
3624 15863260 17290
3625 15880550 12786
3626 15893336 22885
3627 15916221 64325
3628 15980546 245
3629 15980791 94598
3630 16075389 28727
3631 16104116 235
3632 16104351 14577
3633 16118928 13655
3634 16132583 28737
3635 16161320 250
3636 16161570 25527
3637 16187097 203
3638 16187300 30453
3639 16217753 28710
3640 16246463 203
3641 16246666 221
3642 16246887 214
3643 16247101 241
3644 16247342 4176
3645 16251518 10498
3646 16262016 17311
3647 16279327 12671
3648 16291998 17628
3649 16309626 42696
3650 16352322 246
3651 16352568 94247
3652 16446815 28707
3653 16475522 232
3654 16475754 419
3655 16476173 439
3656 16476612 215
3657 16476827 14517
3658 16491344 13792
3659 16505136 241
3660 16505377 394
3661 16505771 430
3662 16506201 2200
3663 16508401 203
3664 16508604 292
3665 16508896 28710
3666 16537606 223
3667 16537829 10639
3668 16548468 266
3669 16548734 56182
3670 16604916 10838
3671 16615754 5857
3672 16621611 9367
3673 16630978 8120
3674 16639098 6952
3675 16646050 212
3676 16646262 94620
3677 16740882 7552
3678 16748434 243
3679 16748677 225
3680 16748902 5967
3681 16754869 5820
3682 16760689 7361
3683 16768050 235
3684 16768285 7383
3685 16775668 217
3686 16775885 10138
3687 16786023 221
3688 16786244 12314
3689 16798558 7341
3690 16805899 5788
3691 16811687 7079
3692 16818766 4411
3693 16823177 6808
3694 16829985 5497
3695 16835482 7381
3696 16842863 4711
3697 16847574 8699
3698 16856273 5515
3699 16861788 5015
3700 16866803 17854
3701 16884657 229
3702 16884886 3632
3703 16888518 8442
3704 16896960 4250
3705 16901210 5893
3706 16907103 10938
3707 16918041 7935
3708 16925976 8882
3709 16934858 25363
3710 16960221 216
3711 16960437 16104
3712 16976541 7350
3713 16983891 223
3714 16984114 5992
3715 16990106 5682
3716 16995788 3970
3717 16999758 7383
3718 17007141 3965
3719 17011106 3431
3720 17014537 4074
3721 17018611 245
3722 17018856 10716
3723 17029572 15545
3724 17045117 201
3725 17045318 12361
3726 17057679 7376
3727 17065055 14393
3728 17079448 14698
3729 17094146 202
3730 17094348 5498
3731 17099846 240
3732 17100086 214
3733 17100300 220
3734 17100520 214
3735 17100734 4159
3736 17104893 5783
3737 17110676 10528
3738 17121204 8016
3739 17129220 9026
3740 17138246 17449
3741 17155695 215
3742 17155910 16112
3743 17172022 7339
3744 17179361 202
3745 17179563 5982
3746 17185545 217
3747 17185762 6007
3748 17191769 5712
3749 17197481 7367
3750 17204848 245
3751 17205093 10452
3752 17215545 213
3753 17215758 12303
3754 17228061 7332
3755 17235393 240
3756 17235633 214
3757 17235847 195
3758 17236042 214
3759 17236256 4277
3760 17240533 5777
3761 17246310 10509
3762 17256819 7973
3763 17264792 8875
3764 17273667 17688
3765 17291355 215
3766 17291570 16144
3767 17307714 7372
3768 17315086 238
3769 17315324 6108
3770 17321432 5774
3771 17327206 7376
3772 17334582 307
3773 17334889 9862
3774 17344751 202
3775 17344953 16826
3776 17361779 242
3777 17362021 7340
3778 17369361 195
3779 17369556 12302
3780 17381858 7352
3781 17389210 217
3782 17389427 235
3783 17389662 217
3784 17389879 229
3785 17390108 217
3786 17390325 211
3787 17390536 217
3788 17390753 214
3789 17390967 229
3790 17391196 223
3791 17391419 17831
3792 17409250 214
3793 17409464 16192
3794 17425656 244
3795 17425900 3865
3796 17429765 8539
3797 17438304 4122
3798 17442426 5916
3799 17448342 10517
3800 17458859 8019
3801 17466878 8909
3802 17475787 24277
3803 17500064 212
3804 17500276 6050
3805 17506326 5712
3806 17512038 7340
3807 17519378 7465
3808 17526843 244
3809 17527087 9658
3810 17536745 12393
3811 17549138 222
3812 17549360 216
3813 17549576 196
3814 17549772 12225
3815 17561997 7367
3816 17569364 223
3817 17569587 195
3818 17569782 214
3819 17569996 239
3820 17570235 4105
3821 17574340 5779
3822 17580119 10505
3823 17590624 7989
3824 17598613 8748
3825 17607361 18175
3826 17625536 208
3827 17625744 16181
3828 17641925 7332
3829 17649257 228
3830 17649485 6085
3831 17655570 5669
3832 17661239 7324
3833 17668563 254
3834 17668817 9756
3835 17678573 235
3836 17678808 9433
3837 17688241 202
3838 17688443 12250
3839 17700693 7335
3840 17708028 200
3841 17708228 3640
3842 17711868 221
3843 17712089 207
3844 17712296 189
3845 17712485 239
3846 17712724 4126
3847 17716850 6004
3848 17722854 10598
3849 17733452 7892
3850 17741344 8763
3851 17750107 17679
3852 17767786 7321
3853 17775107 214
3854 17775321 16180
3855 17791501 9689
3856 17801190 254
3857 17801444 234
3858 17801678 6066
3859 17807744 5721
3860 17813465 225
3861 17813690 216
3862 17813906 7332
3863 17821238 212
3864 17821450 16902
3865 17838352 242
3866 17838594 7335
3867 17845929 262
3868 17846191 9871
3869 17856062 216
3870 17856278 236
3871 17856514 12368
3872 17868882 7314
3873 17876196 6362
3874 17882558 6700
3875 17889258 4352
3876 17893610 8170
3877 17901780 5219
3878 17906999 4968
3879 17911967 4103
3880 17916070 7910
3881 17923980 5549
3882 17929529 5561
3883 17935090 17882
3884 17952972 241
3885 17953213 3885
3886 17957098 8502
3887 17965600 4311
3888 17969911 6156
3889 17976067 10500
3890 17986567 8039
3891 17994606 8813
3892 18003419 25176
3893 18028595 202
3894 18028797 16183
3895 18044980 219
3896 18045199 6358
3897 18051557 11097
3898 18062654 217
3899 18062871 7563
3900 18070434 222
3901 18070656 6109
3902 18076765 5727
3903 18082492 4122
3904 18086614 7371
3905 18093985 244
3906 18094229 10382
3907 18104611 202
3908 18104813 12390
3909 18117203 7377
3910 18124580 263
3911 18124843 189
3912 18125032 253
3913 18125285 189
3914 18125474 4059
3915 18129533 6038
3916 18135571 10541
3917 18146112 8081
3918 18154193 8811
3919 18163004 18050
3920 18181054 214
3921 18181268 16272
3922 18197540 7368
3923 18204908 220
3924 18205128 228
3925 18205356 6132
3926 18211488 5800
3927 18217288 7394
3928 18224682 281
3929 18224963 204
3930 18225167 207
3931 18225374 232
3932 18225606 9605
3933 18235211 202
3934 18235413 12365
3935 18247778 7402
3936 18255180 249
3937 18255429 256
3938 18255685 4710
3939 18260395 208
3940 18260603 16250
3941 18276853 189
3942 18277042 216
3943 18277258 196
3944 18277454 226
3945 18277680 6626
3946 18284306 6281
3947 18290587 11129
3948 18301716 239
3949 18301955 4015
3950 18305970 5972
3951 18311942 10546
3952 18322488 8007
3953 18330495 8774
3954 18339269 17348
3955 18356617 7656
3956 18364273 216
3957 18364489 6115
3958 18370604 5747
3959 18376351 7663
3960 18384014 273
3961 18384287 17726
3962 18402013 15445
3963 18417458 225
3964 18417683 3772
3965 18421455 266
3966 18421721 7051
3967 18428772 244
3968 18429016 10559
3969 18439575 202
3970 18439777 12449
3971 18452226 211
3972 18452437 7631
3973 18460068 213
3974 18460281 6185
3975 18466466 4794
3976 18471260 3777
3977 18475037 6512
3978 18481549 5294
3979 18486843 4790
3980 18491633 4421
3981 18496054 5946
3982 18502000 5223
3983 18507223 6211
3984 18513434 17355
3985 18530789 241
3986 18531030 8531
3987 18539561 3217
3988 18542778 3838
3989 18546616 6206
3990 18552822 10557
3991 18563379 8091
3992 18571470 8929
3993 18580399 23283
3994 18603682 215
3995 18603897 16208
3996 18620105 7660
3997 18627765 216
3998 18627981 6067
3999 18634048 5604
4000 18639652 7670
4001 18647322 265
4002 18647587 264
4003 18647851 10812
4004 18658663 221
4005 18658884 12265
4006 18671149 7607
4007 18678756 15726
4008 18694482 238
4009 18694720 241
4010 18694961 253
4011 18695214 247
4012 18695461 241
4013 18695702 3027
4014 18698729 5287
4015 18704016 9689
4016 18713705 7393
4017 18721098 8217
4018 18729315 16824
4019 18746139 221
4020 18746360 16099
4021 18762459 7623
4022 18770082 3540
4023 18773622 231
4024 18773853 5982
4025 18779835 5805
4026 18785640 7631
4027 18793271 231
4028 18793502 214
4029 18793716 292
4030 18794008 10057
4031 18804065 236
4032 18804301 57597
4033 18861898 7635
4034 18869533 227
4035 18869760 16256
4036 18886016 254
4037 18886270 6273
4038 18892543 7672
4039 18900215 210
4040 18900425 5539
4041 18905964 5486
4042 18911450 7673
4043 18919123 224
4044 18919347 13637
4045 18932984 261
4046 18933245 10838
4047 18944083 215
4048 18944298 3961
4049 18948259 7637
4050 18955896 219
4051 18956115 225
4052 18956340 213
4053 18956553 258
4054 18956811 3685
4055 18960496 7304
4056 18967800 3804
4057 18971604 5278
4058 18976882 6225
4059 18983107 8101
4060 18991208 8329
4061 18999537 5858
4062 19005395 7968
4063 19013363 4988
4064 19018351 4014
4065 19022365 4944
4066 19027309 2175
4067 19029484 1037
4068 19030521 5474
4069 19035995 2006
4070 19038001 1536
4071 19039537 1891
4072 19041428 1205
4073 19042633 1212
4074 19043845 6993
4075 19050838 3791
4076 19054629 1057
4077 19055686 2507
4078 19058193 2266
4079 19060459 3257
4080 19063716 2622
4081 19066338 30077
4082 19096415 1131
4083 19097546 1781
4084 19099327 5144
4085 19104471 1285
4086 19105756 1685
4087 19107441 1766
4088 19109207 2445
4089 19111652 1713
4090 19113365 1617
4091 19114982 2674
4092 19117656 3257
4093 19120913 4699
4094 19125612 1819
4095 19127431 990
4096 19128421 1529
4097 19129950 2089
4098 19132039 1563
4099 19133602 1835
4100 19135437 1323
4101 19136760 1942
4102 19138702 1658
4103 19140360 895
4104 19141255 2753
4105 19144008 1910
4106 19145918 6190
4107 19152108 2764
4108 19154872 1439
4109 19156311 1241
4110 19157552 2723
4111 19160275 1492
4112 19161767 2352
4113 19164119 1503
4114 19165622 1375
4115 19166997 2227
4116 19169224 1556
4117 19170780 1751
4118 19172531 5255
4119 19177786 2623
4120 19180409 5645
4121 19186054 1711
4122 19187765 1333
4123 19189098 3006
4124 19192104 1638
4125 19193742 2826
4126 19196568 1330
4127 19197898 897
4128 19198795 1644
4129 19200439 4032
4130 19204471 3273
4131 19207744 3022
4132 19210766 3394
4133 19214160 2749
4134 19216909 1444
4135 19218353 1407
4136 19219760 921
4137 19220681 2202
4138 19222883 1664
4139 19224547 1127
4140 19225674 3361
4141 19229035 3238
4142 19232273 3815
4143 19236088 1791
4144 19237879 4909
4145 19242788 3901
4146 19246689 1804
4147 19248493 1822
4148 19250315 1006
4149 19251321 1307
4150 19252628 1022
4151 19253650 1199
4152 19254849 5123
4153 19259972 2318
4154 19262290 1892
4155 19264182 1166
4156 19265348 1329
4157 19266677 1275
4158 19267952 4220
4159 19272172 1543
4160 19273715 2726
4161 19276441 2178
4162 19278619 1136
4163 19279755 1871
4164 19281626 5036
4165 19286662 2375
4166 19289037 5032
4167 19294069 6577
4168 19300646 4754
4169 19305400 4272
4170 19309672 3640
4171 19313312 3087
4172 19316399 4138
4173 19320537 8682
4174 19329219 4073
4175 19333292 7569
4176 19340861 38605
4177 19379466 5477
4178 19384943 17909
4179 19402852 5328
4180 19408180 2806
4181 19410986 10578
4182 19421564 3820
4183 19425384 4765
4184 19430149 5445
4185 19435594 4863
4186 19440457 5283
4187 19445740 6763
4188 19452503 6522
4189 19459025 4716
4190 19463741 4187
4191 19467928 8990
4192 19476918 8442
4193 19485360 5520
4194 19490880 4309
4195 19495189 7481
4196 19502670 7942
4197 19510612 5685
4198 19516297 5395
4199 19521692 4502
4200 19526194 4997
4201 19531191 4355
4202 19535546 4407
4203 19539953 5383
4204 19545336 1294
4205 19546630 4046
4206 19550676 19909
4207 19570585 3746
4208 19574331 6370
4209 19580701 4715
4210 19585416 2851
4211 19588267 3518
4212 19591785 3951
4213 19595736 3505
4214 19599241 4314
4215 19603555 11953
4216 19615508 4281
4217 19619789 8256
4218 19628045 7900
4219 19635945 8040
4220 19643985 7347
4221 19651332 1666
4222 19652998 5289
4223 19658287 16486
4224 19674773 4645
4225 19679418 9486
4226 19688904 5346
4227 19694250 4234
4228 19698484 4823
4229 19703307 4068
4230 19707375 10546
4231 19717921 5592
4232 19723513 4150
4233 19727663 3200
4234 19730863 3783
4235 19734646 3958
4236 19738604 3350
4237 19741954 3455
4238 19745409 18468
4239 19763877 4845
4240 19768722 5401
4241 19774123 3436
4242 19777559 11512
4243 19789071 7914
4244 19796985 19576
4245 19816561 5492
4246 19822053 1267
4247 19823320 2164
4248 19825484 2908
4249 19828392 3703
4250 19832095 19391
4251 19851486 19814
4252 19871300 4389
4253 19875689 4335
4254 19880024 3559
4255 19883583 12602
4256 19896185 6822
4257 19903007 25824
4258 19928831 11265
4259 19940096 7132
4260 19947228 1588
4261 19948816 5985
4262 19954801 6389
4263 19961190 23628
4264 19984818 1604
4265 19986422 2847
4266 19989269 8112
4267 19997381 11576
4268 20008957 2074
4269 20011031 3634
4270 20014665 5196
4271 20019861 5361
4272 20025222 5189
4273 20030411 6367
4274 20036778 1060
4275 20037838 7225
4276 20045063 2970
4277 20048033 9562
4278 20057595 4246
4279 20061841 6451
4280 20068292 2912
4281 20071204 1621
4282 20072825 2948
4283 20075773 3428
4284 20079201 1799
4285 20081000 5581
4286 20086581 9099
4287 20095680 214
4288 20095894 2320
4289 20098214 8447
4290 20106661 6825
4291 20113486 6487
4292 20119973 3716
4293 20123689 3409
4294 20127098 2915
4295 20130013 3441
4296 20133454 497
4297 20133951 2195
4298 20136146 3953
4299 20140099 3642
4300 20143741 2937
4301 20146678 3606
4302 20150284 2723
4303 20153007 6588
4304 20159595 9449
4305 20169044 8466
4306 20177510 10553
4307 20188063 9720
4308 20197783 10302
4309 20208085 7984
4310 20216069 5500
4311 20221569 6270
4312 20227839 7519
4313 20235358 3577
4314 20238935 4016
4315 20242951 2397
4316 20245348 1584
4317 20246932 1689
4318 20248621 3178
4319 20251799 3540
4320 20255339 7626
4321 20262965 6368
4322 20269333 5963
4323 20275296 3599
4324 20278895 4620
4325 20283515 3510
4326 20287025 11630
4327 20298655 5178
4328 20303833 6667
4329 20310500 4832
4330 20315332 1097
4331 20316429 4193
4332 20320622 3684
4333 20324306 3469
4334 20327775 4338
4335 20332113 4931
4336 20337044 4584
4337 20341628 8012
4338 20349640 2272
4339 20351912 5564
4340 20357476 4404
4341 20361880 6558
4342 20368438 4816
4343 20373254 2194
4344 20375448 2170
4345 20377618 1520
4346 20379138 3340
4347 20382478 4622
4348 20387100 4161
4349 20391261 6262
4350 20397523 8604
4351 20406127 1880
4352 20408007 5807
4353 20413814 7301
4354 20421115 1312
4355 20422427 3447
4356 20425874 4134
4357 20430008 1653
4358 20431661 7321
4359 20438982 2781
4360 20441763 10166
4361 20451929 4319
4362 20456248 5831
4363 20462079 841
4364 20462920 3783
4365 20466703 2002
