1 0 6745
2 6745 8251
3 14996 3747
4 18743 5052
5 23795 3532
6 27327 1920
7 29247 1023
8 30270 1442
9 31712 1201
10 32913 2131
11 35044 1331
12 36375 1770
13 38145 1840
14 39985 1836
15 41821 7699
16 49520 18387
17 67907 3911
18 71818 4443
19 76261 3378
20 79639 3581
21 83220 10545
22 93765 4097
23 97862 1251
24 99113 926
25 100039 1538
26 101577 999
27 102576 2007
28 104583 4496
29 109079 1664
30 110743 6276
31 117019 7732
32 124751 2027
33 126778 4037
34 130815 2707
35 133522 4805
36 138327 8882
37 147209 5011
38 152220 8009
39 160229 4819
40 165048 10073
41 175121 2246
42 177367 1651
43 179018 2135
44 181153 1910
45 183063 2471
46 185534 2929
47 188463 2617
48 191080 13336
49 204416 2524
50 206940 2295
51 209235 3121
52 212356 1622
53 213978 4755
54 218733 7035
55 225768 3695
56 229463 3462
57 232925 2882
58 235807 5913
59 241720 3119
60 244839 5894
61 250733 4808
62 255541 13770
63 269311 3866
64 273177 3005
65 276182 1659
66 277841 8144
67 285985 5727
68 291712 12538
69 304250 3851
70 308101 2240
71 310341 5503
72 315844 7963
73 323807 10178
74 333985 3638
75 337623 3424
76 341047 2220
77 343267 3819
78 347086 2066
79 349152 1519
80 350671 7414
81 358085 1056
82 359141 980
83 360121 1713
84 361834 3314
85 365148 1861
86 367009 4097
87 371106 2206
88 373312 4063
89 377375 1433
90 378808 4956
91 383764 2638
92 386402 1789
93 388191 2012
94 390203 1522
95 391725 4465
96 396190 4699
97 400889 17289
98 418178 2497
99 420675 14820
100 435495 9347
101 444842 8555
102 453397 5265
103 458662 11902
104 470564 3882
105 474446 5474
106 479920 5058
107 484978 24835
108 509813 2505
109 512318 5420
110 517738 5529
111 523267 4663
112 527930 4458
113 532388 24465
114 556853 2445
115 559298 5823
116 565121 16207
117 581328 2344
118 583672 6125
119 589797 3732
120 593529 6929
121 600458 7820
122 608278 34523
123 642801 2428
124 645229 4895
125 650124 6247
126 656371 4642
127 661013 2720
128 663733 21945
129 685678 5658
130 691336 5275
131 696611 2676
132 699287 4992
133 704279 4755
134 709034 6114
135 715148 4809
136 719957 23019
137 742976 5185
138 748161 4391
139 752552 5570
140 758122 2611
141 760733 5041
142 765774 6010
143 771784 3612
144 775396 5645
145 781041 6070
146 787111 6691
147 793802 5724
148 799526 5225
149 804751 4266
150 809017 7326
151 816343 5312
152 821655 4940
153 826595 25514
154 852109 5239
155 857348 9977
156 867325 4655
157 871980 4393
158 876373 6408
159 882781 24701
160 907482 5944
161 913426 4459
162 917885 4342
163 922227 5375
164 927602 19566
165 947168 2811
166 949979 8506
167 958485 8396
168 966881 5540
169 972421 8054
170 980475 5577
171 986052 24370
172 1010422 4271
173 1014693 7222
174 1021915 5209
175 1027124 5444
176 1032568 16069
177 1048637 5285
178 1053922 4501
179 1058423 4574
180 1062997 9542
181 1072539 4623
182 1077162 5019
183 1082181 3497
184 1085678 9477
185 1095155 4246
186 1099401 5702
187 1105103 5667
188 1110770 5378
189 1116148 19547
190 1135695 6880
191 1142575 3906
192 1146481 3275
193 1149756 11491
194 1161247 4954
195 1166201 22948
196 1189149 3016
197 1192165 4953
198 1197118 4859
199 1201977 5744
200 1207721 3056
201 1210777 4855
202 1215632 4198
203 1219830 4828
204 1224658 6729
205 1231387 27487
206 1258874 16527
207 1275401 2650
208 1278051 3011
209 1281062 3662
210 1284724 4097
211 1288821 11467
212 1300288 5956
213 1306244 13620
214 1319864 7200
215 1327064 5434
216 1332498 32629
217 1365127 13689
218 1378816 11586
219 1390402 7688
220 1398090 13098
221 1411188 4927
222 1416115 3411
223 1419526 8979
224 1428505 3179
225 1431684 3766
226 1435450 2758
227 1438208 4917
228 1443125 16986
229 1460111 2811
230 1462922 4768
231 1467690 7785
232 1475475 4840
233 1480315 2450
234 1482765 6122
235 1488887 22401
236 1511288 2804
237 1514092 2423
238 1516515 2942
239 1519457 3306
240 1522763 19172
241 1541935 4804
242 1546739 7069
243 1553808 10428
244 1564236 4986
245 1569222 2419
246 1571641 7275
247 1578916 3237
248 1582153 3818
249 1585971 7718
250 1593689 5152
251 1598841 6226
252 1605067 4898
253 1609965 23158
254 1633123 14034
255 1647157 2566
256 1649723 2221
257 1651944 20168
258 1672112 4983
259 1677095 5263
260 1682358 23490
261 1705848 5006
262 1710854 7839
263 1718693 2765
264 1721458 2489
265 1723947 2543
266 1726490 6673
267 1733163 6371
268 1739534 5266
269 1744800 4380
270 1749180 5361
271 1754541 5079
272 1759620 25265
273 1784885 4612
274 1789497 4621
275 1794118 5145
276 1799263 3173
277 1802436 2945
278 1805381 2952
279 1808333 17345
280 1825678 4997
281 1830675 8876
282 1839551 21197
283 1860748 5948
284 1866696 2804
285 1869500 3378
286 1872878 4567
287 1877445 7144
288 1884589 7356
289 1891945 3996
290 1895941 4742
291 1900683 5295
292 1905978 2474
293 1908452 24513
294 1932965 2716
295 1935681 2928
296 1938609 16128
297 1954737 2775
298 1957512 3007
299 1960519 21985
300 1982504 17063
301 1999567 17667
302 2017234 2605
303 2019839 13536
304 2033375 10301
305 2043676 5762
306 2049438 6083
307 2055521 3521
308 2059042 9516
309 2068558 6118
310 2074676 5691
311 2080367 7619
312 2087986 7354
313 2095340 7168
314 2102508 5714
315 2108222 30034
316 2138256 4440
317 2142696 6028
318 2148724 3168
319 2151892 8146
320 2160038 2438
321 2162476 2837
322 2165313 3532
323 2168845 3557
324 2172402 3172
325 2175574 4322
326 2179896 21786
327 2201682 6223
328 2207905 7933
329 2215838 5168
330 2221006 2449
331 2223455 6726
332 2230181 3393
333 2233574 3001
334 2236575 2740
335 2239315 3597
336 2242912 14391
337 2257303 4735
338 2262038 5176
339 2267214 2343
340 2269557 5022
341 2274579 6157
342 2280736 2948
343 2283684 9663
344 2293347 4680
345 2298027 5809
346 2303836 16493
347 2320329 6553
348 2326882 3212
349 2330094 2536
350 2332630 13535
351 2346165 2544
352 2348709 7924
353 2356633 2772
354 2359405 3686
355 2363091 2997
356 2366088 18049
357 2384137 2868
358 2387005 2854
359 2389859 6985
360 2396844 5175
361 2402019 4158
362 2406177 2374
363 2408551 4576
364 2413127 5014
365 2418141 3219
366 2421360 5686
367 2427046 22993
368 2450039 4467
369 2454506 4211
370 2458717 3278
371 2461995 17541
372 2479536 3842
373 2483378 3049
374 2486427 13460
375 2499887 5825
376 2505712 2988
377 2508700 15467
378 2524167 2998
379 2527165 3297
380 2530462 5185
381 2535647 7236
382 2542883 9947
383 2552830 4295
384 2557125 4456
385 2561581 2768
386 2564349 8223
387 2572572 22111
388 2594683 10312
389 2604995 7562
390 2612557 5701
391 2618258 5708
392 2623966 6435
393 2630401 6506
394 2636907 4068
395 2640975 4870
396 2645845 5269
397 2651114 5216
398 2656330 5551
399 2661881 2986
400 2664867 5200
401 2670067 22411
402 2692478 1946
403 2694424 2462
404 2696886 2087
405 2698973 2557
406 2701530 3483
407 2705013 2509
408 2707522 2564
409 2710086 20313
410 2730399 8444
411 2738843 4417
412 2743260 4521
413 2747781 4190
414 2751971 1580
415 2753551 4532
416 2758083 1410
417 2759493 1228
418 2760721 1526
419 2762247 7474
420 2769721 2226
421 2771947 18073
422 2790020 8926
423 2798946 5723
424 2804669 4071
425 2808740 3608
426 2812348 2100
427 2814448 16420
428 2830868 4507
429 2835375 1200
430 2836575 1974
431 2838549 1400
432 2839949 8223
433 2848172 5219
434 2853391 6891
435 2860282 1976
436 2862258 8252
437 2870510 7609
438 2878119 8553
439 2886672 5025
440 2891697 15139
441 2906836 7589
442 2914425 5129
443 2919554 1417
444 2920971 1618
445 2922589 2200
446 2924789 865
447 2925654 6419
448 2932073 2180
449 2934253 8345
450 2942598 4271
451 2946869 1924
452 2948793 5285
453 2954078 5517
454 2959595 9164
455 2968759 4740
456 2973499 9573
457 2983072 3820
458 2986892 1121
459 2988013 1473
460 2989486 1406
461 2990892 9127
462 3000019 1776
463 3001795 816
464 3002611 1503
465 3004114 12601
466 3016715 8081
467 3024796 4126
468 3028922 5048
469 3033970 4511
470 3038481 8988
471 3047469 5412
472 3052881 2973
473 3055854 3158
474 3059012 1729
475 3060741 8139
476 3068880 3737
477 3072617 14219
478 3086836 3330
479 3090166 3924
480 3094090 4360
481 3098450 11640
482 3110090 977
483 3111067 8051
484 3119118 6313
485 3125431 829
486 3126260 5729
487 3131989 15747
488 3147736 963
489 3148699 6112
490 3154811 724
491 3155535 5308
492 3160843 8109
493 3168952 1488
494 3170440 4410
495 3174850 748
496 3175598 8960
497 3184558 1407
498 3185965 1068
499 3187033 1124
500 3188157 2199
501 3190356 1970
502 3192326 6245
503 3198571 669
504 3199240 3119
505 3202359 1296
506 3203655 2339
507 3205994 3518
508 3209512 4150
509 3213662 4366
510 3218028 6326
511 3224354 3793
512 3228147 750
513 3228897 4315
514 3233212 4119
515 3237331 575
516 3237906 1037
517 3238943 1622
518 3240565 3693
519 3244258 3627
520 3247885 4842
521 3252727 2736
522 3255463 2117
523 3257580 3169
524 3260749 840
525 3261589 3186
526 3264775 2423
527 3267198 2712
528 3269910 2588
529 3272498 4109
530 3276607 2080
531 3278687 1900
532 3280587 4474
533 3285061 1461
534 3286522 4463
535 3290985 3920
536 3294905 5719
537 3300624 4569
538 3305193 2887
539 3308080 2577
540 3310657 3486
541 3314143 2751
542 3316894 802
543 3317696 9154
544 3326850 2243
545 3329093 2559
546 3331652 2429
547 3334081 1385
548 3335466 1174
549 3336640 2984
550 3339624 10210
551 3349834 1315
552 3351149 4007
553 3355156 1163
554 3356319 10834
555 3367153 1874
556 3369027 3402
557 3372429 3381
558 3375810 9731
559 3385541 2223
560 3387764 1150
561 3388914 819
562 3389733 1093
563 3390826 1871
564 3392697 8560
565 3401257 3494
566 3404751 6384
567 3411135 4853
568 3415988 5649
569 3421637 1745
570 3423382 5399
571 3428781 1730
572 3430511 1749
573 3432260 6841
574 3439101 2823
575 3441924 1535
576 3443459 2105
577 3445564 2619
578 3448183 2616
579 3450799 3819
580 3454618 1513
581 3456131 1237
582 3457368 1813
583 3459181 4590
584 3463771 1116
585 3464887 4257
586 3469144 1860
587 3471004 4992
588 3475996 2666
589 3478662 2636
590 3481298 396
591 3481694 1562
592 3483256 1535
593 3484791 2224
594 3487015 1528
595 3488543 1116
596 3489659 2702
597 3492361 1050
598 3493411 364
599 3493775 4612
600 3498387 1319
601 3499706 928
602 3500634 3953
603 3504587 1375
604 3505962 3163
605 3509125 2658
606 3511783 1324
607 3513107 1273
608 3514380 2533
609 3516913 1232
610 3518145 1370
611 3519515 7450
612 3526965 7044
613 3534009 1695
614 3535704 1629
615 3537333 2072
616 3539405 1377
617 3540782 541
618 3541323 1390
619 3542713 2332
620 3545045 1573
621 3546618 11593
622 3558211 2088
623 3560299 851
624 3561150 953
625 3562103 1094
626 3563197 1859
627 3565056 750
628 3565806 11606
629 3577412 1817
630 3579229 2999
631 3582228 3780
632 3586008 984
633 3586992 2244
634 3589236 1263
635 3590499 4797
636 3595296 7090
637 3602386 1077
638 3603463 1816
639 3605279 2601
640 3607880 1519
641 3609399 1280
642 3610679 1687
643 3612366 3030
644 3615396 1354
645 3616750 6481
646 3623231 2726
647 3625957 478
648 3626435 4277
649 3630712 1521
650 3632233 2160
651 3634393 2830
652 3637223 3210
653 3640433 1410
654 3641843 1568
655 3643411 1170
656 3644581 1485
657 3646066 2384
658 3648450 625
659 3649075 2006
660 3651081 3171
661 3654252 2488
662 3656740 7824
663 3664564 2701
664 3667265 2052
665 3669317 6255
666 3675572 4283
667 3679855 4403
668 3684258 3872
669 3688130 6925
670 3695055 3642
671 3698697 3322
672 3702019 4662
673 3706681 5304
674 3711985 4481
675 3716466 3457
676 3719923 4159
677 3724082 1177
678 3725259 7985
679 3733244 4609
680 3737853 4427
681 3742280 4412
682 3746692 4124
683 3750816 5602
684 3756418 7836
685 3764254 2384
686 3766638 2165
687 3768803 2988
688 3771791 2982
689 3774773 4652
690 3779425 5467
691 3784892 3206
692 3788098 4126
693 3792224 5498
694 3797722 4720
695 3802442 5156
696 3807598 2528
697 3810126 2766
698 3812892 3006
699 3815898 8300
700 3824198 1266
701 3825464 808
702 3826272 4186
703 3830458 3382
704 3833840 1582
705 3835422 9987
706 3845409 3106
707 3848515 8793
708 3857308 4001
709 3861309 5283
710 3866592 4970
711 3871562 8622
712 3880184 4835
713 3885019 3958
714 3888977 559
715 3889536 4724
716 3894260 4432
717 3898692 3852
718 3902544 5863
719 3908407 7255
720 3915662 6507
721 3922169 2611
722 3924780 3398
723 3928178 1005
724 3929183 22949
725 3952132 18619
726 3970751 2621
727 3973372 8515
728 3981887 1684
729 3983571 2432
730 3986003 7174
731 3993177 3377
732 3996554 11052
733 4007606 2913
734 4010519 3549
735 4014068 3260
736 4017328 4874
737 4022202 7303
738 4029505 6941
739 4036446 6230
740 4042676 1112
741 4043788 2823
742 4046611 3484
743 4050095 1084
744 4051179 2475
745 4053654 1591
746 4055245 6382
747 4061627 13663
748 4075290 2135
749 4077425 12991
750 4090416 6508
751 4096924 2916
752 4099840 5070
753 4104910 2001
754 4106911 9083
755 4115994 6602
756 4122596 2518
757 4125114 6485
758 4131599 822
759 4132421 1136
760 4133557 2979
761 4136536 4451
762 4140987 9719
763 4150706 2231
764 4152937 3206
765 4156143 2141
766 4158284 2322
767 4160606 27083
768 4187689 1935
769 4189624 1815
770 4191439 5415
771 4196854 2542
772 4199396 3453
773 4202849 4817
774 4207666 3768
775 4211434 3421
776 4214855 15529
777 4230384 4185
778 4234569 3638
779 4238207 1544
780 4239751 5909
781 4245660 11001
782 4256661 5295
783 4261956 3897
784 4265853 2240
785 4268093 1351
786 4269444 709
787 4270153 1575
788 4271728 4694
789 4276422 2780
790 4279202 1996
791 4281198 8836
792 4290034 6316
793 4296350 5236
794 4301586 2017
795 4303603 6519
796 4310122 3013
797 4313135 2983
798 4316118 7555
799 4323673 1741
800 4325414 2161
801 4327575 2636
802 4330211 1743
803 4331954 7659
804 4339613 3425
805 4343038 3082
806 4346120 1944
807 4348064 5619
808 4353683 8230
809 4361913 3252
810 4365165 3701
811 4368866 5168
812 4374034 6954
813 4380988 966
814 4381954 2408
815 4384362 4413
816 4388775 3597
817 4392372 2950
818 4395322 5671
819 4400993 5133
820 4406126 7399
821 4413525 1169
822 4414694 3984
823 4418678 1392
824 4420070 3338
825 4423408 4427
826 4427835 4921
827 4432756 2390
828 4435146 6124
829 4441270 2324
830 4443594 1753
831 4445347 15357
832 4460704 5438
833 4466142 1416
834 4467558 5741
835 4473299 1438
836 4474737 6609
837 4481346 4654
838 4486000 9813
839 4495813 1776
840 4497589 3522
841 4501111 3954
842 4505065 7941
843 4513006 3842
844 4516848 14136
845 4530984 1629
846 4532613 3117
847 4535730 1218
848 4536948 623
849 4537571 1609
850 4539180 1680
851 4540860 1606
852 4542466 8860
853 4551326 4475
854 4555801 2966
855 4558767 649
856 4559416 7731
857 4567147 4089
858 4571236 12596
859 4583832 4970
860 4588802 2569
861 4591371 6355
862 4597726 2666
863 4600392 2395
864 4602787 3902
865 4606689 2864
866 4609553 13607
867 4623160 7978
868 4631138 1955
869 4633093 2826
870 4635919 1977
871 4637896 1895
872 4639791 3517
873 4643308 3104
874 4646412 2983
875 4649395 2903
876 4652298 1976
877 4654274 2650
878 4656924 3367
879 4660291 2214
880 4662505 1957
881 4664462 1820
882 4666282 2132
883 4668414 3053
884 4671467 2498
885 4673965 2613
886 4676578 2378
887 4678956 2419
888 4681375 5911
889 4687286 10000
890 4697286 2854
891 4700140 1006
892 4701146 3245
893 4704391 2718
894 4707109 2425
895 4709534 2644
896 4712178 3615
897 4715793 4400
898 4720193 2657
899 4722850 5038
900 4727888 2796
901 4730684 8274
902 4738958 2799
903 4741757 6334
904 4748091 2493
905 4750584 1266
906 4751850 17887
907 4769737 9920
908 4779657 3007
909 4782664 3290
910 4785954 5934
911 4791888 3529
912 4795417 1988
913 4797405 3126
914 4800531 4541
915 4805072 4422
916 4809494 3766
917 4813260 3038
918 4816298 24622
919 4840920 11379
920 4852299 16371
921 4868670 30774
922 4899444 3832
923 4903276 2035
924 4905311 3155
925 4908466 6358
926 4914824 1022
927 4915846 976
928 4916822 1186
929 4918008 6351
930 4924359 2883
931 4927242 5117
932 4932359 9108
933 4941467 7393
934 4948860 1548
935 4950408 680
936 4951088 3323
937 4954411 2918
938 4957329 2256
939 4959585 5753
940 4965338 4451
941 4969789 731
942 4970520 2592
943 4973112 1577
944 4974689 2556
945 4977245 4400
946 4981645 2965
947 4984610 5470
948 4990080 5904
949 4995984 4503
950 5000487 2800
951 5003287 2106
952 5005393 1108
953 5006501 846
954 5007347 2677
955 5010024 5821
956 5015845 1846
957 5017691 1773
958 5019464 1245
959 5020709 2265
960 5022974 2470
961 5025444 1432
962 5026876 621
963 5027497 5042
964 5032539 6160
965 5038699 11662
966 5050361 1256
967 5051617 2381
968 5053998 2221
969 5056219 2859
970 5059078 5225
971 5064303 2479
972 5066782 3061
973 5069843 20118
974 5089961 2887
975 5092848 1651
976 5094499 1802
977 5096301 1499
978 5097800 7389
979 5105189 4641
980 5109830 12629
981 5122459 2451
982 5124910 1861
983 5126771 1484
984 5128255 3147
985 5131402 1417
986 5132819 3919
987 5136738 1169
988 5137907 1375
989 5139282 2424
990 5141706 1998
991 5143704 3504
992 5147208 1009
993 5148217 7358
994 5155575 5248
995 5160823 6608
996 5167431 4472
997 5171903 3737
998 5175640 2788
999 5178428 30961
1000 5209389 4000
1001 5213389 5325
1002 5218714 2883
1003 5221597 2003
1004 5223600 1264
1005 5224864 2600
1006 5227464 7436
1007 5234900 1329
1008 5236229 1107
1009 5237336 9109
1010 5246445 11298
1011 5257743 9283
1012 5267026 16038
1013 5283064 8785
1014 5291849 8477
1015 5300326 7412
1016 5307738 11323
1017 5319061 19536
1018 5338597 13586
1019 5352183 5514
1020 5357697 522
1021 5358219 862
1022 5359081 3226
1023 5362307 7372
1024 5369679 569
1025 5370248 1567
1026 5371815 3489
1027 5375304 2133
1028 5377437 9199
1029 5386636 8053
1030 5394689 4721
1031 5399410 2719
1032 5402129 4113
1033 5406242 7182
1034 5413424 3437
1035 5416861 2864
1036 5419725 709
1037 5420434 1082
1038 5421516 1670
1039 5423186 6708
1040 5429894 1378
1041 5431272 11481
1042 5442753 6378
1043 5449131 4469
1044 5453600 25836
1045 5479436 3780
1046 5483216 5173
1047 5488389 8436
1048 5496825 9803
1049 5506628 4663
1050 5511291 9629
1051 5520920 12877
1052 5533797 4722
1053 5538519 10990
1054 5549509 6304
1055 5555813 5141
1056 5560954 1787
1057 5562741 3846
1058 5566587 4797
1059 5571384 3740
1060 5575124 10748
1061 5585872 9946
1062 5595818 6880
1063 5602698 6141
1064 5608839 5837
1065 5614676 3939
1066 5618615 3535
1067 5622150 3874
1068 5626024 3364
1069 5629388 12308
1070 5641696 12875
1071 5654571 4261
1072 5658832 2893
1073 5661725 5604
1074 5667329 15950
1075 5683279 4325
1076 5687604 749
1077 5688353 1234
1078 5689587 4442
1079 5694029 4416
1080 5698445 2121
1081 5700566 13070
1082 5713636 8866
1083 5722502 7779
1084 5730281 10730
1085 5741011 7037
1086 5748048 8980
1087 5757028 2374
1088 5759402 8196
1089 5767598 8328
1090 5775926 3929
1091 5779855 5789
1092 5785644 561
1093 5786205 1565
1094 5787770 3120
1095 5790890 4284
1096 5795174 2657
1097 5797831 2760
1098 5800591 3829
1099 5804420 3104
1100 5807524 4339
1101 5811863 4032
1102 5815895 4194
1103 5820089 3578
1104 5823667 3678
1105 5827345 3840
1106 5831185 4039
1107 5835224 3506
1108 5838730 3798
1109 5842528 3125
1110 5845653 3167
1111 5848820 4096
1112 5852916 3302
1113 5856218 3442
1114 5859660 3488
1115 5863148 3550
1116 5866698 4708
1117 5871406 1545
1118 5872951 3448
1119 5876399 5100
1120 5881499 3324
1121 5884823 3765
1122 5888588 3515
1123 5892103 2771
1124 5894874 3273
1125 5898147 3681
1126 5901828 3230
1127 5905058 3585
1128 5908643 18974
1129 5927617 3816
1130 5931433 3656
1131 5935089 4364
1132 5939453 1273
1133 5940726 967
1134 5941693 2995
1135 5944688 4106
1136 5948794 3584
1137 5952378 3563
1138 5955941 2647
1139 5958588 1144
1140 5959732 4257
1141 5963989 19849
1142 5983838 3364
1143 5987202 4850
1144 5992052 3350
1145 5995402 3682
1146 5999084 5168
1147 6004252 7861
1148 6012113 11044
1149 6023157 1869
1150 6025026 7304
1151 6032330 3725
1152 6036055 7963
1153 6044018 515
1154 6044533 3916
1155 6048449 786
1156 6049235 908
1157 6050143 5709
1158 6055852 1521
1159 6057373 2175
1160 6059548 2655
1161 6062203 3703
1162 6065906 3307
1163 6069213 2123
1164 6071336 4863
1165 6076199 10179
1166 6086378 624
1167 6087002 3201
1168 6090203 3490
1169 6093693 3800
1170 6097493 9893
1171 6107386 1668
1172 6109054 3160
1173 6112214 3705
1174 6115919 2019
1175 6117938 4431
1176 6122369 1401
1177 6123770 9490
1178 6133260 4613
1179 6137873 2618
1180 6140491 3612
1181 6144103 1840
1182 6145943 1520
1183 6147463 1542
1184 6149005 4753
1185 6153758 2928
1186 6156686 8596
1187 6165282 5343
1188 6170625 3078
1189 6173703 7161
1190 6180864 1231
1191 6182095 2838
1192 6184933 2625
1193 6187558 1985
1194 6189543 2354
1195 6191897 561
1196 6192458 5918
1197 6198376 554
1198 6198930 2110
1199 6201040 6662
1200 6207702 5917
1201 6213619 2555
1202 6216174 3109
1203 6219283 8976
1204 6228259 3651
1205 6231910 3075
1206 6234985 8991
1207 6243976 4075
1208 6248051 3428
1209 6251479 3673
1210 6255152 1502
1211 6256654 4517
1212 6261171 1057
1213 6262228 1811
1214 6264039 5631
1215 6269670 2130
1216 6271800 1831
1217 6273631 15889
1218 6289520 5968
1219 6295488 2289
1220 6297777 2653
1221 6300430 5438
1222 6305868 3957
1223 6309825 13806
1224 6323631 3861
1225 6327492 1884
1226 6329376 3674
1227 6333050 6629
1228 6339679 2996
1229 6342675 600
1230 6343275 4725
1231 6348000 4591
1232 6352591 2745
1233 6355336 4778
1234 6360114 2193
1235 6362307 775
1236 6363082 2849
1237 6365931 2738
1238 6368669 1282
1239 6369951 1138
1240 6371089 893
1241 6371982 1013
1242 6372995 1028
1243 6374023 2392
1244 6376415 1776
1245 6378191 1185
1246 6379376 935
1247 6380311 1166
1248 6381477 1390
1249 6382867 1031
1250 6383898 1982
1251 6385880 2658
1252 6388538 1308
1253 6389846 2775
1254 6392621 2851
1255 6395472 3032
1256 6398504 1095
1257 6399599 2578
1258 6402177 4329
1259 6406506 3365
1260 6409871 5916
1261 6415787 3334
1262 6419121 955
1263 6420076 2362
1264 6422438 4662
1265 6427100 2347
1266 6429447 829
1267 6430276 5840
1268 6436116 1269
1269 6437385 6050
1270 6443435 1653
1271 6445088 908
1272 6445996 3309
1273 6449305 6452
1274 6455757 861
1275 6456618 3455
1276 6460073 1282
1277 6461355 1116
1278 6462471 1837
1279 6464308 1570
1280 6465878 2532
1281 6468410 2531
1282 6470941 1783
1283 6472724 1414
1284 6474138 2945
1285 6477083 2472
1286 6479555 1603
1287 6481158 1896
1288 6483054 1116
1289 6484170 986
1290 6485156 3399
1291 6488555 1993
1292 6490548 2259
1293 6492807 1989
1294 6494796 3159
1295 6497955 1829
1296 6499784 3232
1297 6503016 1140
1298 6504156 2603
1299 6506759 1092
1300 6507851 2315
1301 6510166 1897
1302 6512063 1459
1303 6513522 759
1304 6514281 1712
1305 6515993 2573
1306 6518566 1601
1307 6520167 2321
1308 6522488 2424
1309 6524912 1102
1310 6526014 2555
1311 6528569 1461
1312 6530030 4221
1313 6534251 2144
1314 6536395 1825
1315 6538220 572
1316 6538792 865
1317 6539657 2599
1318 6542256 4274
1319 6546530 3593
1320 6550123 939
1321 6551062 3549
1322 6554611 1256
1323 6555867 2430
1324 6558297 2689
1325 6560986 1137
1326 6562123 6915
1327 6569038 6247
1328 6575285 9245
1329 6584530 11738
1330 6596268 2114
1331 6598382 6543
1332 6604925 5858
1333 6610783 6019
1334 6616802 10023
1335 6626825 5545
1336 6632370 3078
1337 6635448 2358
1338 6637806 1861
1339 6639667 1455
1340 6641122 1535
1341 6642657 1600
1342 6644257 1674
1343 6645931 3496
1344 6649427 2586
1345 6652013 15314
1346 6667327 6191
1347 6673518 2591
1348 6676109 2796
1349 6678905 1419
1350 6680324 5012
1351 6685336 1437
1352 6686773 1733
1353 6688506 1871
1354 6690377 2911
1355 6693288 8204
1356 6701492 7555
1357 6709047 3526
1358 6712573 9786
1359 6722359 1680
1360 6724039 1060
1361 6725099 15128
1362 6740227 7826
1363 6748053 2894
1364 6750947 2770
1365 6753717 1248
1366 6754965 11898
1367 6766863 5392
1368 6772255 5935
1369 6778190 1801
1370 6779991 22706
1371 6802697 1542
1372 6804239 6656
1373 6810895 8536
1374 6819431 4255
1375 6823686 12888
1376 6836574 4605
1377 6841179 2402
1378 6843581 2458
1379 6846039 690
1380 6846729 1407
1381 6848136 10113
1382 6858249 21792
1383 6880041 3544
1384 6883585 1453
1385 6885038 1098
1386 6886136 5790
1387 6891926 1243
1388 6893169 941
1389 6894110 10851
1390 6904961 1386
1391 6906347 17756
1392 6924103 9504
1393 6933607 2874
1394 6936481 1386
1395 6937867 4629
1396 6942496 5986
1397 6948482 1090
1398 6949572 2332
1399 6951904 8196
1400 6960100 3285
1401 6963385 1872
1402 6965257 560
1403 6965817 1578
1404 6967395 2306
1405 6969701 5964
1406 6975665 1360
1407 6977025 3198
1408 6980223 1270
1409 6981493 1344
1410 6982837 1134
1411 6983971 5566
1412 6989537 960
1413 6990497 4394
1414 6994891 8905
1415 7003796 3620
1416 7007416 1636
1417 7009052 1368
1418 7010420 6425
1419 7016845 4102
1420 7020947 1280
1421 7022227 2973
1422 7025200 2686
1423 7027886 1809
1424 7029695 4140
1425 7033835 1504
1426 7035339 4059
1427 7039398 3609
1428 7043007 1394
1429 7044401 1117
1430 7045518 3988
1431 7049506 6902
1432 7056408 1613
1433 7058021 1547
1434 7059568 1482
1435 7061050 2460
1436 7063510 2187
1437 7065697 1776
1438 7067473 1793
1439 7069266 1184
1440 7070450 1665
1441 7072115 834
1442 7072949 7050
1443 7079999 8157
1444 7088156 1506
1445 7089662 1112
1446 7090774 4696
1447 7095470 2451
1448 7097921 1194
1449 7099115 6463
1450 7105578 1799
1451 7107377 7580
1452 7114957 2194
1453 7117151 6417
1454 7123568 4020
1455 7127588 1420
1456 7129008 8360
1457 7137368 6921
1458 7144289 9556
1459 7153845 3669
1460 7157514 2252
1461 7159766 3418
1462 7163184 4755
1463 7167939 1708
1464 7169647 454
1465 7170101 464
1466 7170565 480
1467 7171045 524
1468 7171569 494
1469 7172063 502
1470 7172565 526
1471 7173091 562
1472 7173653 510
1473 7174163 540
1474 7174703 516
1475 7175219 508
1476 7175727 524
1477 7176251 492
1478 7176743 560
1479 7177303 3721
1480 7181024 2040
1481 7183064 3256
1482 7186320 2901
1483 7189221 7617
1484 7196838 552
1485 7197390 11300
1486 7208690 4531
1487 7213221 9066
1488 7222287 3447
1489 7225734 2091
1490 7227825 2041
1491 7229866 7171
1492 7237037 6504
1493 7243541 2286
1494 7245827 15009
1495 7260836 6454
1496 7267290 1368
1497 7268658 2015
1498 7270673 2977
1499 7273650 2624
1500 7276274 2176
1501 7278450 1628
1502 7280078 1430
1503 7281508 774
1504 7282282 426
1505 7282708 4027
1506 7286735 3964
1507 7290699 3102
1508 7293801 4204
1509 7298005 7647
1510 7305652 1395
1511 7307047 1212
1512 7308259 968
1513 7309227 1898
1514 7311125 2459
1515 7313584 5536
1516 7319120 2550
1517 7321670 8140
1518 7329810 2510
1519 7332320 955
1520 7333275 886
1521 7334161 1682
1522 7335843 2278
1523 7338121 7326
1524 7345447 1680
1525 7347127 4808
1526 7351935 2496
1527 7354431 3677
1528 7358108 2732
1529 7360840 7008
1530 7367848 2343
1531 7370191 3062
1532 7373253 4644
1533 7377897 2562
1534 7380459 2924
1535 7383383 1945
1536 7385328 1314
1537 7386642 4777
1538 7391419 1674
1539 7393093 1043
1540 7394136 1642
1541 7395778 1840
1542 7397618 4649
1543 7402267 1713
1544 7403980 2725
1545 7406705 9389
1546 7416094 1917
1547 7418011 2674
1548 7420685 9130
1549 7429815 3591
1550 7433406 6198
1551 7439604 3409
1552 7443013 2996
1553 7446009 7922
1554 7453931 1774
1555 7455705 2241
1556 7457946 1687
1557 7459633 1003
1558 7460636 1719
1559 7462355 1821
1560 7464176 7427
1561 7471603 3183
1562 7474786 1715
1563 7476501 1451
1564 7477952 7728
1565 7485680 2032
1566 7487712 2154
1567 7489866 1824
1568 7491690 1726
1569 7493416 2117
1570 7495533 1197
1571 7496730 2731
1572 7499461 763
1573 7500224 5988
1574 7506212 3364
1575 7509576 8981
1576 7518557 4053
1577 7522610 2079
1578 7524689 3460
1579 7528149 7626
1580 7535775 2670
1581 7538445 2767
1582 7541212 9698
1583 7550910 19375
1584 7570285 3146
1585 7573431 2783
1586 7576214 5406
1587 7581620 2291
1588 7583911 4297
1589 7588208 6626
1590 7594834 1000
1591 7595834 4919
1592 7600753 8318
1593 7609071 5385
1594 7614456 6716
1595 7621172 960
1596 7622132 3825
1597 7625957 2989
1598 7628946 3624
1599 7632570 2580
1600 7635150 3740
1601 7638890 4726
1602 7643616 9670
1603 7653286 9677
1604 7662963 11569
1605 7674532 2193
1606 7676725 4836
1607 7681561 3058
1608 7684619 1688
1609 7686307 5826
1610 7692133 2071
1611 7694204 1963
1612 7696167 8432
1613 7704599 8835
1614 7713434 2798
1615 7716232 4533
1616 7720765 3188
1617 7723953 1984
1618 7725937 10689
1619 7736626 6322
1620 7742948 4923
1621 7747871 5346
1622 7753217 1360
1623 7754577 1896
1624 7756473 3645
1625 7760118 3744
1626 7763862 2573
1627 7766435 7728
1628 7774163 7045
1629 7781208 6528
1630 7787736 8842
1631 7796578 3193
1632 7799771 2853
1633 7802624 1886
1634 7804510 7103
1635 7811613 3454
1636 7815067 2693
1637 7817760 1205
1638 7818965 11679
1639 7830644 10883
1640 7841527 9944
1641 7851471 6979
1642 7858450 8979
1643 7867429 2335
1644 7869764 562
1645 7870326 2817
1646 7873143 665
1647 7873808 4342
1648 7878150 2364
1649 7880514 9235
1650 7889749 6563
1651 7896312 1604
1652 7897916 7456
1653 7905372 2775
1654 7908147 7726
1655 7915873 4517
1656 7920390 2982
1657 7923372 6352
1658 7929724 9296
1659 7939020 3016
1660 7942036 4428
1661 7946464 3940
1662 7950404 1758
1663 7952162 6560
1664 7958722 5517
1665 7964239 5276
1666 7969515 8072
1667 7977587 1880
1668 7979467 2862
1669 7982329 6395
1670 7988724 3623
1671 7992347 6900
1672 7999247 10222
1673 8009469 2218
1674 8011687 3715
1675 8015402 2376
1676 8017778 3748
1677 8021526 2987
1678 8024513 3814
1679 8028327 1662
1680 8029989 10179
1681 8040168 2184
1682 8042352 5027
1683 8047379 2460
1684 8049839 1554
1685 8051393 7998
1686 8059391 6835
1687 8066226 4493
1688 8070719 9658
1689 8080377 6453
1690 8086830 5778
1691 8092608 2918
1692 8095526 5723
1693 8101249 10491
1694 8111740 4356
1695 8116096 6206
1696 8122302 4680
1697 8126982 2317
1698 8129299 3472
1699 8132771 8947
1700 8141718 1848
1701 8143566 5783
1702 8149349 4090
1703 8153439 4095
1704 8157534 2653
1705 8160187 409
1706 8160596 1898
1707 8162494 7445
1708 8169939 4491
1709 8174430 2471
1710 8176901 1785
1711 8178686 3129
1712 8181815 3568
1713 8185383 2834
1714 8188217 5281
1715 8193498 1218
1716 8194716 1204
1717 8195920 3156
1718 8199076 7663
1719 8206739 1231
1720 8207970 6078
1721 8214048 1734
1722 8215782 2371
1723 8218153 4880
1724 8223033 1765
1725 8224798 3399
1726 8228197 1969
1727 8230166 1213
1728 8231379 2683
1729 8234062 712
1730 8234774 2842
1731 8237616 5252
1732 8242868 1698
1733 8244566 2876
1734 8247442 4204
1735 8251646 1293
1736 8252939 1153
1737 8254092 1660
1738 8255752 1224
1739 8256976 1704
1740 8258680 866
1741 8259546 907
1742 8260453 3869
1743 8264322 872
1744 8265194 3156
1745 8268350 7887
1746 8276237 2589
1747 8278826 1548
1748 8280374 3203
1749 8283577 1200
1750 8284777 2741
1751 8287518 2393
1752 8289911 1388
1753 8291299 1071
1754 8292370 3114
1755 8295484 1506
1756 8296990 8395
1757 8305385 1505
1758 8306890 2098
1759 8308988 998
1760 8309986 1708
1761 8311694 1667
1762 8313361 956
1763 8314317 2469
1764 8316786 9688
1765 8326474 4001
1766 8330475 1652
1767 8332127 2849
1768 8334976 976
1769 8335952 1153
1770 8337105 15606
1771 8352711 6461
1772 8359172 2080
1773 8361252 2637
1774 8363889 2813
1775 8366702 9067
1776 8375769 3600
1777 8379369 3582
1778 8382951 3423
1779 8386374 2131
1780 8388505 3390
1781 8391895 458
1782 8392353 2575
1783 8394928 2937
1784 8397865 4136
1785 8402001 2997
1786 8404998 957
1787 8405955 3874
1788 8409829 28664
1789 8438493 4242
1790 8442735 7429
1791 8450164 9359
1792 8459523 19711
1793 8479234 978
1794 8480212 2352
1795 8482564 1642
1796 8484206 4993
1797 8489199 3343
1798 8492542 4076
1799 8496618 2528
1800 8499146 4619
1801 8503765 1172
1802 8504937 2031
1803 8506968 449
1804 8507417 2328
1805 8509745 881
1806 8510626 3570
1807 8514196 959
1808 8515155 2613
1809 8517768 3151
1810 8520919 358
1811 8521277 7242
1812 8528519 19059
1813 8547578 5730
1814 8553308 2207
1815 8555515 2375
1816 8557890 3675
1817 8561565 2173
1818 8563738 2386
1819 8566124 880
1820 8567004 1179
1821 8568183 3872
1822 8572055 1163
1823 8573218 3566
1824 8576784 3278
1825 8580062 1605
1826 8581667 1341
1827 8583008 3923
1828 8586931 580
1829 8587511 6498
1830 8594009 2602
1831 8596611 3700
1832 8600311 848
1833 8601159 1299
1834 8602458 2445
1835 8604903 717
1836 8605620 816
1837 8606436 5045
1838 8611481 2715
1839 8614196 2783
1840 8616979 2474
1841 8619453 1592
1842 8621045 8118
1843 8629163 5584
1844 8634747 1358
1845 8636105 2042
1846 8638147 4793
1847 8642940 6823
1848 8649763 8224
1849 8657987 3954
1850 8661941 1282
1851 8663223 8894
1852 8672117 6054
1853 8678171 2098
1854 8680269 4493
1855 8684762 1980
1856 8686742 2438
1857 8689180 1306
1858 8690486 2959
1859 8693445 2193
1860 8695638 3050
1861 8698688 2632
1862 8701320 1550
1863 8702870 3445
1864 8706315 1692
1865 8708007 6410
1866 8714417 2504
1867 8716921 2191
1868 8719112 5110
1869 8724222 8606
1870 8732828 5228
1871 8738056 2504
1872 8740560 2400
1873 8742960 1858
1874 8744818 3541
1875 8748359 3965
1876 8752324 2500
1877 8754824 2122
1878 8756946 2470
1879 8759416 2694
1880 8762110 8036
1881 8770146 5268
1882 8775414 5986
1883 8781400 4598
1884 8785998 2534
1885 8788532 2522
1886 8791054 7453
1887 8798507 1816
1888 8800323 1959
1889 8802282 675
1890 8802957 516
1891 8803473 639
1892 8804112 2611
1893 8806723 2553
1894 8809276 1956
1895 8811232 5808
1896 8817040 2071
1897 8819111 3859
1898 8822970 2422
1899 8825392 1612
1900 8827004 3047
1901 8830051 1814
1902 8831865 8345
1903 8840210 1734
1904 8841944 5704
1905 8847648 2588
1906 8850236 8618
1907 8858854 7441
1908 8866295 2455
1909 8868750 1499
1910 8870249 1679
1911 8871928 2712
1912 8874640 2620
1913 8877260 2291
1914 8879551 3102
1915 8882653 2108
1916 8884761 3026
1917 8887787 6994
1918 8894781 6400
1919 8901181 6932
1920 8908113 6811
1921 8914924 3983
1922 8918907 8164
1923 8927071 7825
1924 8934896 3155
1925 8938051 1838
1926 8939889 3022
1927 8942911 1654
1928 8944565 3064
1929 8947629 3475
1930 8951104 1899
1931 8953003 1566
1932 8954569 4810
1933 8959379 1783
1934 8961162 1557
1935 8962719 2503
1936 8965222 3654
1937 8968876 2102
1938 8970978 1497
1939 8972475 2850
1940 8975325 7856
1941 8983181 3371
1942 8986552 3664
1943 8990216 8913
1944 8999129 3772
1945 9002901 2863
1946 9005764 2240
1947 9008004 3606
1948 9011610 3533
1949 9015143 2109
1950 9017252 1638
1951 9018890 1832
1952 9020722 6398
1953 9027120 3237
1954 9030357 2273
1955 9032630 1898
1956 9034528 3460
1957 9037988 2043
1958 9040031 4188
1959 9044219 2752
1960 9046971 3795
1961 9050766 1784
1962 9052550 1575
1963 9054125 1584
1964 9055709 1656
1965 9057365 3686
1966 9061051 2771
1967 9063822 3998
1968 9067820 2417
1969 9070237 2431
1970 9072668 2625
1971 9075293 2408
1972 9077701 2570
1973 9080271 23289
1974 9103560 3250
1975 9106810 3652
1976 9110462 6354
1977 9116816 3123
1978 9119939 3331
1979 9123270 3444
1980 9126714 5271
1981 9131985 1646
1982 9133631 2623
1983 9136254 3453
1984 9139707 2484
1985 9142191 1112
1986 9143303 2395
1987 9145698 5115
1988 9150813 4259
1989 9155072 3809
1990 9158881 2671
1991 9161552 5452
1992 9167004 2559
1993 9169563 3821
1994 9173384 1131
1995 9174515 5346
1996 9179861 1474
1997 9181335 1246
1998 9182581 2076
1999 9184657 7475
2000 9192132 3361
2001 9195493 2569
2002 9198062 1988
2003 9200050 1594
2004 9201644 2593
2005 9204237 2040
2006 9206277 3785
2007 9210062 975
2008 9211037 1240
2009 9212277 1959
2010 9214236 1471
2011 9215707 3844
2012 9219551 5751
2013 9225302 2273
2014 9227575 2935
2015 9230510 1537
2016 9232047 5783
2017 9237830 2691
2018 9240521 1320
2019 9241841 1298
2020 9243139 1367
2021 9244506 7988
2022 9252494 1745
2023 9254239 2863
2024 9257102 1275
2025 9258377 1463
2026 9259840 5157
2027 9264997 3074
2028 9268071 1329
2029 9269400 2821
2030 9272221 1476
2031 9273697 962
2032 9274659 2808
2033 9277467 1527
2034 9278994 940
2035 9279934 3033
2036 9282967 1255
2037 9284222 2641
2038 9286863 1657
2039 9288520 2267
2040 9290787 2023
2041 9292810 6286
2042 9299096 2111
2043 9301207 1599
2044 9302806 3180
2045 9305986 2716
2046 9308702 2915
2047 9311617 1069
2048 9312686 1451
2049 9314137 5538
2050 9319675 3651
2051 9323326 2113
2052 9325439 5841
2053 9331280 6813
2054 9338093 1253
2055 9339346 1552
2056 9340898 2231
2057 9343129 2978
2058 9346107 1252
2059 9347359 954
2060 9348313 1900
2061 9350213 2999
2062 9353212 6918
2063 9360130 2693
2064 9362823 1595
2065 9364418 1800
2066 9366218 1737
2067 9367955 992
2068 9368947 8991
2069 9377938 5642
2070 9383580 5700
2071 9389280 5517
2072 9394797 6774
2073 9401571 2105
2074 9403676 1851
2075 9405527 1269
2076 9406796 3067
2077 9409863 1889
2078 9411752 2724
2079 9414476 4206
2080 9418682 1444
2081 9420126 626
2082 9420752 6603
2083 9427355 2447
2084 9429802 1860
2085 9431662 3378
2086 9435040 1920
2087 9436960 13790
2088 9450750 3062
2089 9453812 2399
2090 9456211 2863
2091 9459074 18405
2092 9477479 4358
2093 9481837 5502
2094 9487339 3058
2095 9490397 2790
2096 9493187 3783
2097 9496970 2165
2098 9499135 4049
2099 9503184 13180
2100 9516364 2556
2101 9518920 1960
2102 9520880 3664
2103 9524544 3907
2104 9528451 3917
2105 9532368 1938
2106 9534306 5480
2107 9539786 6918
2108 9546704 2550
2109 9549254 4624
2110 9553878 1545
2111 9555423 2526
2112 9557949 2715
2113 9560664 856
2114 9561520 5403
2115 9566923 880
2116 9567803 3619
2117 9571422 5968
2118 9577390 1280
2119 9578670 1427
2120 9580097 2429
2121 9582526 2245
2122 9584771 4103
2123 9588874 2980
2124 9591854 1182
2125 9593036 1826
2126 9594862 2045
2127 9596907 3169
2128 9600076 7186
2129 9607262 8655
2130 9615917 4009
2131 9619926 4040
2132 9623966 4670
2133 9628636 3946
2134 9632582 4259
2135 9636841 2751
2136 9639592 1759
2137 9641351 4083
2138 9645434 3919
2139 9649353 2933
2140 9652286 1333
2141 9653619 3209
2142 9656828 7734
2143 9664562 19117
2144 9683679 2240
2145 9685919 3828
2146 9689747 1690
2147 9691437 4296
2148 9695733 8897
2149 9704630 3187
2150 9707817 8754
2151 9716571 5811
2152 9722382 2210
2153 9724592 1257
2154 9725849 3907
2155 9729756 1708
2156 9731464 3483
2157 9734947 2849
2158 9737796 6336
2159 9744132 1850
2160 9745982 6798
2161 9752780 3717
2162 9756497 10478
2163 9766975 7024
2164 9773999 4606
2165 9778605 3568
2166 9782173 6496
2167 9788669 9682
2168 9798351 1636
2169 9799987 2821
2170 9802808 4603
2171 9807411 8757
2172 9816168 1629
2173 9817797 4859
2174 9822656 796
2175 9823452 3264
2176 9826716 801
2177 9827517 6393
2178 9833910 5771
2179 9839681 10782
2180 9850463 1618
2181 9852081 4346
2182 9856427 3082
2183 9859509 6132
2184 9865641 6113
2185 9871754 6506
2186 9878260 3309
2187 9881569 6744
2188 9888313 9068
2189 9897381 1459
2190 9898840 2944
2191 9901784 1809
2192 9903593 6051
2193 9909644 6831
2194 9916475 6337
2195 9922812 6459
2196 9929271 9734
2197 9939005 9775
2198 9948780 1215
2199 9949995 748
2200 9950743 3831
2201 9954574 703
2202 9955277 5561
2203 9960838 1426
2204 9962264 2815
2205 9965079 2352
2206 9967431 5562
2207 9972993 12252
2208 9985245 2631
2209 9987876 26120
2210 10013996 3745
2211 10017741 4070
2212 10021811 12465
2213 10034276 4436
2214 10038712 3926
2215 10042638 14686
2216 10057324 12308
2217 10069632 3710
2218 10073342 1671
2219 10075013 9137
2220 10084150 1838
2221 10085988 747
2222 10086735 3266
2223 10090001 2891
2224 10092892 5854
2225 10098746 9653
2226 10108399 4078
2227 10112477 1169
2228 10113646 1820
2229 10115466 5535
2230 10121001 4632
2231 10125633 4578
2232 10130211 4429
2233 10134640 1893
2234 10136533 4405
2235 10140938 3710
2236 10144648 6199
2237 10150847 4226
2238 10155073 1140
2239 10156213 769
2240 10156982 8879
2241 10165861 3989
2242 10169850 7042
2243 10176892 1547
2244 10178439 2513
2245 10180952 1122
2246 10182074 1060
2247 10183134 1051
2248 10184185 5362
2249 10189547 11034
2250 10200581 782
2251 10201363 701
2252 10202064 4053
2253 10206117 10125
2254 10216242 887
2255 10217129 662
2256 10217791 1023
2257 10218814 761
2258 10219575 1788
2259 10221363 12334
2260 10233697 4362
2261 10238059 3646
2262 10241705 3791
2263 10245496 1686
2264 10247182 549
2265 10247731 4185
2266 10251916 6107
2267 10258023 1773
2268 10259796 3628
2269 10263424 2490
2270 10265914 5815
2271 10271729 7801
2272 10279530 4974
2273 10284504 942
2274 10285446 1308
2275 10286754 2068
2276 10288822 4100
2277 10292922 3529
2278 10296451 641
2279 10297092 4094
2280 10301186 2945
2281 10304131 2888
2282 10307019 3540
2283 10310559 5647
2284 10316206 4682
2285 10320888 5129
2286 10326017 2742
2287 10328759 9203
2288 10337962 9441
2289 10347403 5583
2290 10352986 2058
2291 10355044 2643
2292 10357687 8401
2293 10366088 1343
2294 10367431 1919
2295 10369350 3123
2296 10372473 4595
2297 10377068 1236
2298 10378304 1256
2299 10379560 5324
2300 10384884 2818
2301 10387702 4051
2302 10391753 1173
2303 10392926 2059
2304 10394985 1374
2305 10396359 2929
2306 10399288 1621
2307 10400909 774
2308 10401683 569
2309 10402252 898
2310 10403150 709
2311 10403859 570
2312 10404429 1378
2313 10405807 3561
2314 10409368 3776
2315 10413144 549
2316 10413693 2122
2317 10415815 1375
2318 10417190 3433
2319 10420623 3305
2320 10423928 5361
2321 10429289 3047
2322 10432336 3848
2323 10436184 3327
2324 10439511 3076
2325 10442587 3235
2326 10445822 10112
2327 10455934 3861
2328 10459795 3485
2329 10463280 4255
2330 10467535 1554
2331 10469089 1495
2332 10470584 2390
2333 10472974 1987
2334 10474961 3139
2335 10478100 1336
2336 10479436 5558
2337 10484994 1281
2338 10486275 1997
2339 10488272 2705
2340 10490977 2461
2341 10493438 6861
2342 10500299 3210
2343 10503509 2637
2344 10506146 5285
2345 10511431 1958
2346 10513389 2613
2347 10516002 4818
2348 10520820 4771
2349 10525591 4530
2350 10530121 3131
2351 10533252 7738
2352 10540990 5856
2353 10546846 3572
2354 10550418 3387
2355 10553805 2409
2356 10556214 3538
2357 10559752 2218
2358 10561970 2083
2359 10564053 9232
2360 10573285 5453
2361 10578738 7569
2362 10586307 5485
2363 10591792 4903
2364 10596695 8311
2365 10605006 11996
2366 10617002 6376
2367 10623378 1477
2368 10624855 1902
2369 10626757 1020
2370 10627777 5344
2371 10633121 2997
2372 10636118 715
2373 10636833 4235
2374 10641068 860
2375 10641928 3193
2376 10645121 778
2377 10645899 965
2378 10646864 4273
2379 10651137 1320
2380 10652457 1852
2381 10654309 1193
2382 10655502 1681
2383 10657183 923
2384 10658106 2543
2385 10660649 4429
2386 10665078 4727
2387 10669805 1155
2388 10670960 2287
2389 10673247 1001
2390 10674248 2017
2391 10676265 938
2392 10677203 1238
2393 10678441 1528
2394 10679969 599
2395 10680568 4010
2396 10684578 1493
2397 10686071 4856
2398 10690927 2527
2399 10693454 2111
2400 10695565 2533
2401 10698098 2284
2402 10700382 3529
2403 10703911 1717
2404 10705628 1167
2405 10706795 2651
2406 10709446 2070
2407 10711516 1940
2408 10713456 4335
2409 10717791 14641
2410 10732432 2167
2411 10734599 6630
2412 10741229 13773
2413 10755002 3748
2414 10758750 4649
2415 10763399 3682
2416 10767081 5714
2417 10772795 1733
2418 10774528 4029
2419 10778557 1934
2420 10780491 9806
2421 10790297 6529
2422 10796826 2495
2423 10799321 4571
2424 10803892 7593
2425 10811485 2128
2426 10813613 3747
2427 10817360 4355
2428 10821715 1128
2429 10822843 2256
2430 10825099 9693
2431 10834792 2060
2432 10836852 2686
2433 10839538 3228
2434 10842766 3503
2435 10846269 8419
2436 10854688 1767
2437 10856455 1106
2438 10857561 1096
2439 10858657 1409
2440 10860066 5401
2441 10865467 5033
2442 10870500 2192
2443 10872692 1779
2444 10874471 4057
2445 10878528 2360
2446 10880888 2297
2447 10883185 1515
2448 10884700 4320
2449 10889020 1304
2450 10890324 1272
2451 10891596 1726
2452 10893322 5224
2453 10898546 2563
2454 10901109 10971
2455 10912080 1606
2456 10913686 7072
2457 10920758 1904
2458 10922662 7402
2459 10930064 3426
2460 10933490 1959
2461 10935449 12927
2462 10948376 4716
2463 10953092 1415
2464 10954507 2513
2465 10957020 2360
2466 10959380 2192
2467 10961572 1419
2468 10962991 1208
2469 10964199 710
2470 10964909 4798
2471 10969707 1333
2472 10971040 940
2473 10971980 3154
2474 10975134 1933
2475 10977067 2916
2476 10979983 1009
2477 10980992 1359
2478 10982351 1394
2479 10983745 566
2480 10984311 4996
2481 10989307 3283
2482 10992590 2249
2483 10994839 898
2484 10995737 824
2485 10996561 1283
2486 10997844 1629
2487 10999473 806
2488 11000279 1723
2489 11002002 592
2490 11002594 1880
2491 11004474 2510
2492 11006984 2361
2493 11009345 2726
2494 11012071 1688
2495 11013759 660
2496 11014419 2199
2497 11016618 2235
2498 11018853 2239
2499 11021092 2362
2500 11023454 2174
2501 11025628 520
2502 11026148 2467
2503 11028615 1272
2504 11029887 3140
2505 11033027 1598
2506 11034625 745
2507 11035370 1083
2508 11036453 5144
2509 11041597 9829
2510 11051426 1690
2511 11053116 779
2512 11053895 764
2513 11054659 2958
2514 11057617 1908
2515 11059525 2349
2516 11061874 3220
2517 11065094 2930
2518 11068024 2993
2519 11071017 3045
2520 11074062 2475
2521 11076537 2506
2522 11079043 2575
2523 11081618 891
2524 11082509 1633
2525 11084142 5867
2526 11090009 2615
2527 11092624 1325
2528 11093949 2082
2529 11096031 1617
2530 11097648 2935
2531 11100583 5840
2532 11106423 1232
2533 11107655 2859
2534 11110514 1881
2535 11112395 1274
2536 11113669 1158
2537 11114827 1815
2538 11116642 3477
2539 11120119 1632
2540 11121751 650
2541 11122401 2741
2542 11125142 936
2543 11126078 5798
2544 11131876 5248
2545 11137124 1650
2546 11138774 801
2547 11139575 2522
2548 11142097 5837
2549 11147934 3752
2550 11151686 3710
2551 11155396 3833
2552 11159229 3857
2553 11163086 3833
2554 11166919 666
2555 11167585 5857
2556 11173442 722
2557 11174164 2842
2558 11177006 2905
2559 11179911 1130
2560 11181041 1313
2561 11182354 7618
2562 11189972 1522
2563 11191494 2334
2564 11193828 2134
2565 11195962 1495
2566 11197457 1021
2567 11198478 1740
2568 11200218 2660
2569 11202878 17078
2570 11219956 1584
2571 11221540 4885
2572 11226425 2146
2573 11228571 2857
2574 11231428 6317
2575 11237745 571
2576 11238316 4071
2577 11242387 2079
2578 11244466 1250
2579 11245716 4696
2580 11250412 891
2581 11251303 2155
2582 11253458 1933
2583 11255391 4220
2584 11259611 4733
2585 11264344 9275
2586 11273619 4168
2587 11277787 2744
2588 11280531 882
2589 11281413 847
2590 11282260 946
2591 11283206 1090
2592 11284296 3374
2593 11287670 3725
2594 11291395 6391
2595 11297786 1522
2596 11299308 2719
2597 11302027 2128
2598 11304155 3143
2599 11307298 1637
2600 11308935 8549
2601 11317484 3538
2602 11321022 3425
2603 11324447 7950
2604 11332397 8234
2605 11340631 8671
2606 11349302 5720
2607 11355022 7116
2608 11362138 1829
2609 11363967 6458
2610 11370425 9070
2611 11379495 3898
2612 11383393 2761
2613 11386154 2431
2614 11388585 3895
2615 11392480 4843
2616 11397323 4296
2617 11401619 7086
2618 11408705 8522
2619 11417227 8370
2620 11425597 5441
2621 11431038 7631
2622 11438669 2932
2623 11441601 1092
2624 11442693 3086
2625 11445779 10633
2626 11456412 7596
2627 11464008 7649
2628 11471657 1073
2629 11472730 3001
2630 11475731 8060
2631 11483791 6974
2632 11490765 4094
2633 11494859 9612
2634 11504471 9663
2635 11514134 2738
2636 11516872 3826
2637 11520698 5723
2638 11526421 3077
2639 11529498 4488
2640 11533986 7924
2641 11541910 6531
2642 11548441 2539
2643 11550980 3898
2644 11554878 3833
2645 11558711 3418
2646 11562129 5110
2647 11567239 2272
2648 11569511 1395
2649 11570906 4027
2650 11574933 1022
2651 11575955 3518
2652 11579473 3332
2653 11582805 3707
2654 11586512 3308
2655 11589820 2496
2656 11592316 1018
2657 11593334 1293
2658 11594627 8098
2659 11602725 7044
2660 11609769 4515
2661 11614284 7329
2662 11621613 1027
2663 11622640 3361
2664 11626001 9102
2665 11635103 2179
2666 11637282 6327
2667 11643609 6318
2668 11649927 1174
2669 11651101 862
2670 11651963 6832
2671 11658795 3613
2672 11662408 2712
2673 11665120 1055
2674 11666175 3173
2675 11669348 5206
2676 11674554 5597
2677 11680151 4731
2678 11684882 5568
2679 11690450 1910
2680 11692360 3914
2681 11696274 6112
2682 11702386 2495
2683 11704881 4467
2684 11709348 1004
2685 11710352 821
2686 11711173 4205
2687 11715378 2702
2688 11718080 2991
2689 11721071 1285
2690 11722356 1978
2691 11724334 2351
2692 11726685 2769
2693 11729454 2337
2694 11731791 1324
2695 11733115 4732
2696 11737847 4613
2697 11742460 3610
2698 11746070 3163
2699 11749233 4137
2700 11753370 4536
2701 11757906 2806
2702 11760712 3854
2703 11764566 2341
2704 11766907 1772
2705 11768679 2330
2706 11771009 20531
2707 11791540 3343
2708 11794883 4115
2709 11798998 1950
2710 11800948 8765
2711 11809713 2709
2712 11812422 5348
2713 11817770 5380
2714 11823150 3720
2715 11826870 4201
2716 11831071 5963
2717 11837034 3060
2718 11840094 5493
2719 11845587 1769
2720 11847356 2652
2721 11850008 5063
2722 11855071 4820
2723 11859891 3343
2724 11863234 5451
2725 11868685 5522
2726 11874207 4309
2727 11878516 2569
2728 11881085 4443
2729 11885528 7431
2730 11892959 4762
2731 11897721 933
2732 11898654 2265
2733 11900919 968
2734 11901887 12168
2735 11914055 4466
2736 11918521 6919
2737 11925440 10012
2738 11935452 1147
2739 11936599 3411
2740 11940010 1433
2741 11941443 5397
2742 11946840 5572
2743 11952412 2610
2744 11955022 1578
2745 11956600 3350
2746 11959950 1912
2747 11961862 3307
2748 11965169 5143
2749 11970312 2162
2750 11972474 5862
2751 11978336 4247
2752 11982583 4948
2753 11987531 507
2754 11988038 3198
2755 11991236 2146
2756 11993382 10229
2757 12003611 1162
2758 12004773 1378
2759 12006151 5217
2760 12011368 6690
2761 12018058 7861
2762 12025919 1453
2763 12027372 1807
2764 12029179 2281
2765 12031460 3449
2766 12034909 1993
2767 12036902 2137
2768 12039039 6084
2769 12045123 2111
2770 12047234 1492
2771 12048726 1142
2772 12049868 3213
2773 12053081 6350
2774 12059431 2019
2775 12061450 2427
2776 12063877 2644
2777 12066521 2648
2778 12069169 3638
2779 12072807 1448
2780 12074255 8531
2781 12082786 3945
2782 12086731 10481
2783 12097212 7238
2784 12104450 3395
2785 12107845 6531
2786 12114376 4408
2787 12118784 4697
2788 12123481 3029
2789 12126510 1356
2790 12127866 3109
2791 12130975 1992
2792 12132967 1705
2793 12134672 1751
2794 12136423 3389
2795 12139812 2100
2796 12141912 2165
2797 12144077 1019
2798 12145096 1929
2799 12147025 3993
2800 12151018 2234
2801 12153252 5434
2802 12158686 1780
2803 12160466 1932
2804 12162398 2580
2805 12164978 2222
2806 12167200 1829
2807 12169029 2419
2808 12171448 4990
2809 12176438 13711
2810 12190149 1012
2811 12191161 14541
2812 12205702 1890
2813 12207592 1641
2814 12209233 1131
2815 12210364 1553
2816 12211917 1800
2817 12213717 6114
2818 12219831 3024
2819 12222855 3114
2820 12225969 2422
2821 12228391 1990
2822 12230381 2886
2823 12233267 5439
2824 12238706 15428
2825 12254134 7275
2826 12261409 3391
2827 12264800 3270
2828 12268070 2576
2829 12270646 2996
2830 12273642 1378
2831 12275020 2333
2832 12277353 5309
2833 12282662 1647
2834 12284309 1332
2835 12285641 2026
2836 12287667 2100
2837 12289767 2639
2838 12292406 1531
2839 12293937 1430
2840 12295367 2526
2841 12297893 4574
2842 12302467 43955
2843 12346422 16196
2844 12362618 4379
2845 12366997 34069
2846 12401066 2858
2847 12403924 2736
2848 12406660 15514
2849 12422174 11407
2850 12433581 8278
2851 12441859 9888
2852 12451747 2930
2853 12454677 6532
2854 12461209 8814
2855 12470023 13760
2856 12483783 14179
2857 12497962 25523
2858 12523485 576
2859 12524061 22436
2860 12546497 16730
2861 12563227 4570
2862 12567797 64325
2863 12632122 94598
2864 12726720 13655
2865 12740375 4176
2866 12744551 10498
2867 12755049 42696
2868 12797745 94247
2869 12891992 14517
2870 12906509 13792
2871 12920301 2200
2872 12922501 28710
2873 12951211 56182
2874 13007393 9367
2875 13016760 8120
2876 13024880 6952
2877 13031832 5967
2878 13037799 5820
2879 13043619 12314
2880 13055933 4250
2881 13060183 5893
2882 13066076 10938
2883 13077014 7935
2884 13084949 8882
2885 13093831 25363
2886 13119194 16104
2887 13135298 5992
2888 13141290 3965
2889 13145255 3431
2890 13148686 4074
2891 13152760 15545
2892 13168305 12361
2893 13180666 14393
2894 13195059 14698
2895 13209757 5498
2896 13215255 4159
2897 13219414 5783
2898 13225197 10528
2899 13235725 9026
2900 13244751 17449
2901 13262200 16112
2902 13278312 5982
2903 13284294 6007
2904 13290301 5712
2905 13296013 12303
2906 13308316 4277
2907 13312593 5777
2908 13318370 10509
2909 13328879 8875
2910 13337754 17688
2911 13355442 6108
2912 13361550 5774
2913 13367324 16826
2914 13384150 17831
2915 13401981 4122
2916 13406103 8019
2917 13414122 24277
2918 13438399 5712
2919 13444111 9658
2920 13453769 12393
2921 13466162 8748
2922 13474910 18175
2923 13493085 16181
2924 13509266 6085
2925 13515351 5669
2926 13521020 9433
2927 13530453 3640
2928 13534093 17679
2929 13551772 16180
2930 13567952 5721
2931 13573673 4311
2932 13577984 10500
2933 13588484 8039
2934 13596523 25176
2935 13621699 16183
2936 13637882 6358
2937 13644240 7563
2938 13651803 6109
2939 13657912 5727
2940 13663639 4122
2941 13667761 4059
2942 13671820 18050
2943 13689870 16272
2944 13706142 5800
2945 13711942 6626
2946 13718568 6281
2947 13724849 11129
2948 13735978 4015
2949 13739993 8774
2950 13748767 17348
2951 13766115 5747
2952 13771862 17726
2953 13789588 3772
2954 13793360 3838
2955 13797198 6206
2956 13803404 23283
2957 13826687 16208
2958 13842895 5604
2959 13848499 15726
2960 13864225 3027
2961 13867252 9689
2962 13876941 7393
2963 13884334 16824
2964 13901158 16099
2965 13917257 3540
2966 13920797 5982
2967 13926779 57597
2968 13984376 16256
2969 14000632 6273
2970 14006905 5486
2971 14012391 7673
2972 14020064 13637
2973 14033701 3961
2974 14037662 7304
2975 14044966 3804
2976 14048770 2175
2977 14050945 1037
2978 14051982 2006
2979 14053988 1536
2980 14055524 1891
2981 14057415 1205
2982 14058620 1212
2983 14059832 6993
2984 14066825 3791
2985 14070616 1057
2986 14071673 2507
2987 14074180 2266
2988 14076446 3257
2989 14079703 2622
2990 14082325 30077
2991 14112402 1131
2992 14113533 1781
2993 14115314 5144
2994 14120458 1285
2995 14121743 1685
2996 14123428 1766
2997 14125194 2445
2998 14127639 1713
2999 14129352 1617
3000 14130969 2674
3001 14133643 3257
3002 14136900 4699
3003 14141599 990
3004 14142589 1529
3005 14144118 2089
3006 14146207 1563
3007 14147770 1835
3008 14149605 1323
3009 14150928 1942
3010 14152870 1658
3011 14154528 895
3012 14155423 2753
3013 14158176 1910
3014 14160086 6190
3015 14166276 2764
3016 14169040 1439
3017 14170479 1241
3018 14171720 2723
3019 14174443 1492
3020 14175935 2352
3021 14178287 1503
3022 14179790 1375
3023 14181165 2227
3024 14183392 1556
3025 14184948 1751
3026 14186699 5645
3027 14192344 3006
3028 14195350 1638
3029 14196988 2826
3030 14199814 897
3031 14200711 1644
3032 14202355 4032
3033 14206387 3022
3034 14209409 3394
3035 14212803 2749
3036 14215552 1444
3037 14216996 1407
3038 14218403 921
3039 14219324 1664
3040 14220988 1127
3041 14222115 3361
3042 14225476 3238
3043 14228714 4909
3044 14233623 1822
3045 14235445 1006
3046 14236451 1307
3047 14237758 1022
3048 14238780 1199
3049 14239979 5123
3050 14245102 1892
3051 14246994 1166
3052 14248160 1329
3053 14249489 1275
3054 14250764 4220
3055 14254984 1543
3056 14256527 2726
3057 14259253 2178
3058 14261431 1136
3059 14262567 1871
3060 14264438 5036
3061 14269474 2375
3062 14271849 5032
3063 14276881 6577
3064 14283458 4272
3065 14287730 8682
3066 14296412 4073
3067 14300485 7569
3068 14308054 38605
3069 14346659 17909
3070 14364568 5328
3071 14369896 2806
3072 14372702 10578
3073 14383280 3820
3074 14387100 4765
3075 14391865 5445
3076 14397310 4863
3077 14402173 5283
3078 14407456 6763
3079 14414219 6522
3080 14420741 4716
3081 14425457 4187
3082 14429644 8990
3083 14438634 8442
3084 14447076 5520
3085 14452596 4309
3086 14456905 7481
3087 14464386 7942
3088 14472328 5685
3089 14478013 4502
3090 14482515 4997
3091 14487512 6370
3092 14493882 3518
3093 14497400 4281
3094 14501681 8256
3095 14509937 7900
3096 14517837 8040
3097 14525877 7347
3098 14533224 1666
3099 14534890 5289
3100 14540179 16486
3101 14556665 4645
3102 14561310 9486
3103 14570796 5346
3104 14576142 5592
3105 14581734 18468
3106 14600202 5401
3107 14605603 3436
3108 14609039 11512
3109 14620551 7914
3110 14628465 2164
3111 14630629 2908
3112 14633537 3703
3113 14637240 19814
3114 14657054 4335
3115 14661389 3559
3116 14664948 12602
3117 14677550 6822
3118 14684372 25824
3119 14710196 11265
3120 14721461 7132
3121 14728593 5985
3122 14734578 6389
3123 14740967 23628
3124 14764595 8112
3125 14772707 11576
3126 14784283 2074
3127 14786357 3634
3128 14789991 5196
3129 14795187 5361
3130 14800548 5189
3131 14805737 6367
3132 14812104 1060
3133 14813164 7225
3134 14820389 2970
3135 14823359 4246
3136 14827605 6451
3137 14834056 2912
3138 14836968 1621
3139 14838589 2948
3140 14841537 3428
3141 14844965 1799
3142 14846764 5581
3143 14852345 9099
3144 14861444 214
3145 14861658 2320
3146 14863978 8447
3147 14872425 6825
3148 14879250 6487
3149 14885737 3716
3150 14889453 3409
3151 14892862 2915
3152 14895777 497
3153 14896274 2195
3154 14898469 3953
3155 14902422 2937
3156 14905359 3606
3157 14908965 2723
3158 14911688 6588
3159 14918276 9449
3160 14927725 8466
3161 14936191 10553
3162 14946744 9720
3163 14956464 7984
3164 14964448 5500
3165 14969948 6270
3166 14976218 3577
3167 14979795 4016
3168 14983811 1584
3169 14985395 1689
3170 14987084 3178
3171 14990262 3540
3172 14993802 5963
3173 14999765 4620
3174 15004385 3510
3175 15007895 11630
3176 15019525 5178
3177 15024703 4832
3178 15029535 1097
3179 15030632 4193
3180 15034825 3684
3181 15038509 3469
3182 15041978 4584
3183 15046562 8012
3184 15054574 2272
3185 15056846 5564
3186 15062410 4404
3187 15066814 6558
3188 15073372 4816
3189 15078188 2194
3190 15080382 2170
3191 15082552 1520
3192 15084072 3340
3193 15087412 4622
3194 15092034 4161
3195 15096195 6262
3196 15102457 8604
3197 15111061 1880
3198 15112941 5807
3199 15118748 7301
3200 15126049 1312
3201 15127361 4134
3202 15131495 1653
3203 15133148 7321
3204 15140469 2781
3205 15143250 10166
3206 15153416 4319
3207 15157735 5831
3208 15163566 841
3209 15164407 3783
3210 15168190 2002
